title,clean_title,seeders,leechers,total_peers,category
The Elder Scrolls IV: Oblivion Remastered - Deluxe Edition (v0.411.140.0 + All D...,The Elder Scrolls IV: Oblivion - Deluxe Edition ( 411 140 0,2654,1210,3864,games
"Clair Obscur: Expedition 33 - Deluxe Edition (v56180 + DLC, MULTi12) [FitGirl Re...",Clair Obscur: Expedition 33 - Deluxe Edition [FitGirl Re,2640,822,3462,games
The Elder Scrolls IV Oblivion Remastered-RUNE,The Elder Scrolls IV Oblivion -RUNE,714,211,925,games
The Elder Scrolls IV Oblivion Remastered (2025) Deluxe Edition [PORTABLE],The Elder Scrolls IV Oblivion Deluxe Edition,349,37,386,games
The Elder Scrolls IV: Oblivion Remastered - Deluxe Edition (v0.411.140.0 + All D...,The Elder Scrolls IV: Oblivion - Deluxe Edition ( 411 140 0,607,200,807,games
Baldur's Gate 3: Digital Deluxe Edition (v4.1.1.6758295/Patch 8 + DLC/Bonus Cont...,Baldur's Gate 3: Digital Deluxe Edition ( 1 1 6758295/Patch 8,370,353,723,games
Clair Obscur Expedition 33-RUNE,Clair Obscur Expedition 33-RUNE,526,104,630,games
"The Precinct (v1.4.18135, MULTi11) [FitGirl Repack]",The Precinct,1632,80,1712,games
"Tempest Rising: Deluxe Edition (v1.0.0+43454 + 3 DLCs/Bonuses, MULTi10) [FitGirl...",Tempest Rising: Deluxe Edition [FitGirl,373,74,447,games
"Days Gone (v1.08 + Broken Road DLC, MULTi23) [FitGirl Repack, Selective Download...","Days Gone [FitGirl ,",446,424,870,games
Clair Obscur: Expedition 33 - Deluxe Edition (v56180 + All DLCs + Bonus Content ...,Clair Obscur: Expedition 33 - Deluxe Edition (,565,205,770,games
Mandragora: Whispers of the Witch Tree - Digital Deluxe Edition (v1.2.4.2147 + 9...,Mandragora: Whispers of the Witch Tree - Digital Deluxe Edition ( 2 4 2147,309,32,341,games
Clair Obscur: Expedition 33 Update v56190,Clair Obscur: Expedition 33,136,1,137,games
Days Gone Remastered (v1.08 + Broken Road DLC + MULTi23) (From 22.5 GB) [DODI Re...,Days Gone [DODI Re,110,105,215,games
Clair Obscur: Expedition 33 Update v1.2.2,Clair Obscur: Expedition 33,114,0,114,games
"Stellaris: Ultimate Bundle (v4.0.1-1ae3 + 41 DLCs/Bonuses, MULTi10) [FitGirl Rep...",Stellaris: Ultimate Bundle [FitGirl Rep,314,25,339,games
"Crusader Kings III: Collection (v1.16.0/Chamfron + 23 DLCs + Windows 7 Fix, MULT...",Crusader Kings III: Collection ( 16 0/Chamfron,341,15,356,games
"FATAL FURY: City of the Wolves (v1.1.2-72904 + DLC, MULTi14) [FitGirl Repack]",FATAL FURY: City of the Wolves,226,25,251,games
"Last Epoch (v1.2 + Bonus OST, MULTi10) [FitGirl Repack, Selective Download - fro...","Last Epoch [FitGirl , - fro",120,14,134,games
V Rising + DLC Bundle (v1.1.0.1-r91217-b18 + 8 DLCs/Bonuses + Dedicated Server +...,V Rising,175,20,195,games
Schedule I v0.3.4f8,Schedule I 3 4f8,199,3,202,games
The Precinct-RUNE,The Precinct-RUNE,266,6,272,games
The Midnight Walk (MULTi7) [FitGirl Repack],The Midnight Walk,226,23,249,games
Drive Beyond Horizons v2025.04.20,Drive Beyond Horizons 04 20,112,13,125,games
"DRAGON BALL: Sparking! ZERO (v2011.010.003.007.006 + 10 DLCs + Multiplayer, MULT...",DRAGON BALL: Sparking! ZERO ( 010 003 007 006,154,68,222,games
Clair Obscur: Expedition 33 Update v1.2.3,Clair Obscur: Expedition 33,72,0,72,games
"MotoGP 25 (+ 2 DLCs, MULTi10) [FitGirl Repack]",MotoGP 25,101,13,114,games
Conquest Dark,Conquest Dark,98,0,98,games
"CarX Street: Deluxe Edition (v1.6.0 + 4 DLCs, MULTi8) [FitGirl Repack]",CarX Street: Deluxe Edition,108,17,125,games
"Cash Cleaner Simulator (v1.0.1 + Luxury Loadout DLC, MULTi9) [FitGirl Repack]",Cash Cleaner Simulator,306,10,316,games
LUNAR Remastered Collection (MULTi7) [FitGirl Repack],LUNAR Collection,113,9,122,games
RuneScape: Dragonwilds (v0.7.1.4),RuneScape: Dragonwilds,46,4,50,games
Revenge of the Savage Planet: Cosmic Hoarder Edition (v2025-4-24-94552 + 6 DLCs/...,Revenge of the Savage Planet: Cosmic Hoarder Edition (-4-24-94552,166,14,180,games
"The Hundred Line: Last Defense Academy (MULTi4) [FitGirl Repack, Selective Downl...","The Hundred Line: Last Defense Academy [FitGirl , Selective Downl",117,28,145,games
Age of Empires II: Definitive Edition (v101.103.12349.0 #143421 + 13 DLCs/Bonuse...,Age of Empires II: Definitive Edition ( 103 12349 0 #143421,127,93,220,games
The.Elder.Scrolls.IV.Oblivion.Remastered-RUNE [PORTABLE],The Elder Scrolls IV Oblivion -RUNE,57,60,117,games
"Breath of Fire IV (v1.0 HotFix, ENG/JAP) [FitGirl Repack]",Breath of Fire IV,184,5,189,games
Lords of the Fallen (v2.0.3 & All DLCs),Lords of the Fallen,18,9,27,games
"EVERSPACE 2: Complete Edition (v1.4.47960 + 6 DLCs/Bonuses, MULTi14) [FitGirl Re...",EVERSPACE 2: [FitGirl Re,269,87,356,games
"KIBORG (v2025.04.30_15:00:05, MULTi12) [FitGirl Repack, Selective Download - fro...","KIBORG [FitGirl , - fro",68,14,82,games
The Last of Us Part II Remastered Update v1.3.10430.406,The Last of Us Part II,22,0,22,games
Last Epoch: Ultimate Edition (v1.2 + All DLCs + Bonus Content + MULTi10) [DODI R...,Last Epoch: Ultimate Edition [DODI R,54,3,57,games
The Slormancer (v1.0.01a),The Slormancer,110,6,116,games
"Teardown: Deluxe Edition (v1.6.3 + 3 DLCs, MULTi9) [FitGirl Repack]",Teardown: Deluxe Edition,194,3,197,games
"World of Goo 2 + Soundtrack Bundle (v1.0.13112 + Bonus OST, MULTi14) [FitGirl Re...",World of Goo 2,151,7,158,games
"The Sinking City Remastered: Deluxe Edition (Build 18222381 + 6 DLCs/Bonuses, MU...",The Sinking City : Deluxe Edition (Build 18222381,217,153,370,games
Days Gone Broken Road-RUNE,Days Gone Broken Road-RUNE,25,6,31,games
Tower Dominion,Tower Dominion,98,0,98,games
Life is Strange: Double Exposure - Ultimate Edition (v1.1.1027899 + 2 DLCs + Bon...,Life is Strange: Double Exposure - Ultimate Edition ( 1 1027899,289,161,450,games
"Drop Duchy (v0.40.6, MULTi12) [FitGirl Repack]",Drop Duchy,159,3,162,games
"Soulslinger: Envoy of Death (v1.0 Release, MULTi8) [FitGirl Repack, Selective Do...","Soulslinger: Envoy of Death [FitGirl , Selective Do",67,14,81,games
Drive Beyond Horizons (v2025.05.08),Drive Beyond Horizons,86,10,96,games
"MEMORIAPOLIS (v1.0.26, MULTi8) [FitGirl Repack]",MEMORIAPOLIS,144,4,148,games
"Kingdom Come: Deliverance II (v1.3 + 5 DLCs/Bonuses, MULTi15) [FitGirl Repack, S...","Kingdom Come: Deliverance II [FitGirl , S",400,1269,1669,games
"Wartales: The Mercenaries Edition (v1.0.41212 + 6 DLCs/Bonuses, MULTi9) [FitGirl...",Wartales: The Mercenaries Edition [FitGirl,72,4,76,games
"Diplomacy is Not an Option (v1.0.53 + Bonus Content, MULTi13) [FitGirl Repack, S...","Diplomacy is Not an Option [FitGirl , S",329,46,375,games
Pax Augusta (MULTi6) [FitGirl Repack],Pax Augusta,91,7,98,games
"Steel Seed: Deluxe Edition (v1.0.4 + 3 DLCs/Bonuses, MULTi12) [FitGirl Repack, S...","Steel Seed: Deluxe Edition [FitGirl , S",78,22,100,games
"CyberCorp (v1.00/Release, MULTi14) [FitGirl Repack]",CyberCorp,69,0,69,games
Crusader Kings III: Royal Edition (v1.16.0 - Chamfron Update + All DLCs + Bonus ...,Crusader Kings III: Royal Edition ( 16 0 - Chamfron,110,3,113,games
Dark Souls III Deluxe Edition (2016) + ALL DLC [PORTABLE],Dark Souls III Deluxe Edition,12,2,14,games
No Rest for the Wicked (v2025.04.30),No Rest for the Wicked,33,0,33,games
Stellaris BioGenesis-RUNE,Stellaris BioGenesis-RUNE,68,3,71,games
Drop Duchy-TENOKE,Drop Duchy-TENOKE,59,2,61,games
Tempest Rising: Deluxe Edition (v1.0.0+43454 + All DLCs + Bonus Content + MULTi1...,Tempest Rising: Deluxe Edition ( 0 0,74,20,94,games
"Amerzone: The Explorer's Legacy - Digital Deluxe Edition (+ Bonus Content, MULTi...",Amerzone: The Explorer's Legacy - Digital Deluxe Edition (,70,14,84,games
"Darfall (v1.0.0/Release, MULTi10) [FitGirl Repack]",Darfall,199,7,206,games
"The Last Spell: Complete The Set Bundle (v1.2.18.3.s.de + 3 DLCs/Bonuses, MULTi1...",The Last Spell: Complete The Set Bundle ( 2 18 3 s de,97,4,101,games
"Echoes of Yi: Samsara (v16.269, MULTi11) [FitGirl Repack]",Echoes of Yi: Samsara,79,25,104,games
Captain Blood (MULTi7) [FitGirl Repack],Captain Blood,87,6,93,games
"ICARUS: Complete the Set (v2.2.53.136221 + 16 DLCs, MULTi10) [FitGirl Repack, Se...","ICARUS: Complete the Set [FitGirl , Se",91,28,119,games
"Slitterhead (v1.02.2-r00065826/Denuvoless, MULTi11) [FitGirl Repack]",Slitterhead,96,17,113,games
"Lollipop Chainsaw RePOP (v1.12 + Bonus Soundtracks + Windows 7 Fix, MULTi9) [Fit...",Lollipop Chainsaw RePOP [Fit,86,14,100,games
"Starcom: Unknown Space (v21530, MULTi10) [FitGirl Repack]",Starcom: Unknown Space,82,1,83,games
Kingdom Come Deliverance II Brushes with Death-RUNE,Kingdom Come Deliverance II Brushes with Death-RUNE,89,93,182,games
"Skin Deep (v2025.04.27.1441 + Bonus Soundtrack, MULTi15) [FitGirl Repack, Select...","Skin Deep [FitGirl , Select",71,7,78,games
"MechWarrior 5: Clans - Digital Collectors Edition (v1.0.102 + 4 DLCs, MULTi5) [F...",MechWarrior 5: Clans - Digital Collectors Edition [F,120,80,200,games
"Ratopia (v1.0.0500/Release + Bonus OST, MULTi13) [FitGirl Repack]",Ratopia,109,2,111,games
"Onimusha: Warlords (Build 17777991, MULTi14) [FitGirl Repack, Selective Download...","Onimusha: Warlords [FitGirl ,",65,8,73,games
LUNAR Remastered Collection,LUNAR Collection,19,1,20,games
Capcom Fighting Collection 2-RUNE,Capcom Fighting Collection 2-RUNE,97,12,109,games
"Space Engineers: Ultimate Edition (v1.206.030 b1 + 20 DLCs*, MULTi26) [FitGirl R...",Space Engineers: Ultimate Edition [FitGirl R,132,22,154,games
Lost Records: Bloom & Rage - Soundtrack Edition (v2.00.128634/Tapes 1 & 2 + Bonu...,Lost Records: Bloom & Rage - Soundtrack Edition ( 00 128634/Tapes 1 & 2,80,28,108,games
Pathfinder: Wrath of the Righteous - Enhanced Edition (v2.7.0w + 15 DLCs/Bonuses...,Pathfinder: Wrath of the Righteous - Enhanced Edition ( 7 0w,64,17,81,games
Into the Dead: Our Darkest Days (v0.3.5.11292 + MULTi10) [DODI Repack],Into the Dead: Our Darkest Days,40,5,45,games
Darfall-TENOKE,Darfall-TENOKE,43,0,43,games
Schedule I v0.3.5f3,Schedule I 3 5f3,104,2,106,games
The Hundred Line Last Defense Academy-RUNE,The Hundred Line Last Defense Academy-RUNE,20,4,24,games
Stellaris (v4.0.6 & All DLCs),Stellaris,86,8,94,games
Blue Prince (v1.02),Blue Prince,30,1,31,games
"Artisan TD (v1.310, MULTi13) [FitGirl Repack]",Artisan TD,106,3,109,games
inZOI Update v0.1.6,inZOI,24,1,25,games
"Citadelum (v2.0.0.10 + Bonus Soundtrack, MULTi11) [FitGirl Repack]",Citadelum,89,2,91,games
Deadzone: Rogue,Deadzone: Rogue,30,1,31,games
"Warhammer 40,000: Space Marine 2 (v7.0.0.1 & All DLCs)","Warhammer 40,000: Space Marine 2",23,14,37,games
Lushfoil Photography Sim (MULTi15) [FitGirl Repack],Lushfoil Photography Sim,109,8,117,games
No Rest for the Wicked (v2025.05.03),No Rest for the Wicked,11,0,11,games
Spirit of the North 2 (MULTi10) [FitGirl Repack],Spirit of the North 2,97,11,108,games
"Farm Manager World (v1.0.20250421.417, MULTi12) [FitGirl Repack]",Farm Manager World,70,2,72,games
"Badlands Crew (v30737 + Bonus Soundtrack, MULTi13) [FitGirl Repack, Selective Do...","Badlands Crew [FitGirl , Selective Do",61,6,67,games
