title,clean_title,seeders,leechers,total_peers,category
"The Last of Us: Part II - Remastered (v1.0.10402.1014 + DLC + Bonus OST, MULTi24...",The Last of Us: Part II - ( 0 10402 1014,1022,1592,2614,games
The Elder Scrolls IV Oblivion Remastered-RUNE,The Elder Scrolls IV Oblivion -RUNE,1696,7109,8805,games
inZOI (v20250327.1308.W + MULTi13) [DODI Repack],inZOI,694,78,772,games
Schedule I (v0.3.3f15 + Online Multiplayer) [DODI Repack],Schedule I,1228,41,1269,games
The Elder Scrolls IV Oblivion Remastered (2025) Deluxe Edition [PORTABLE],The Elder Scrolls IV Oblivion Deluxe Edition,1436,2600,4036,games
Schedule I v0.3.3f9,Schedule I 3 3f9,659,20,679,games
inZOI (Early Access),inZOI,442,39,481,games
The Last of Us Part II Remastered-RUNE,The Last of Us Part II -RUNE,272,107,379,games
The Last of Us Part II - Remastered (v1.0.10402.1014 + CrackFix + All DLCs + Bon...,The Last of Us Part II - ( 0 10402 1014,294,627,921,games
Mortal Kombat 1: Khaos Reigns Kollection (v1.28.0 + All DLCs + Ryujinx/Sudachi S...,Mortal Kombat 1: Khaos Reigns Kollection ( 28 0,307,275,582,games
Blue Prince [FitGirl Repack],Blue Prince,587,15,602,games
Schedule I v0.3.3f13,Schedule I 3 3f13,100,1,101,games
Commandos: Origins - Deluxe Edition & Classified Archives (v1.0.0.74101 + 3 DLCs...,Commandos: Origins - Deluxe Edition & Classified Archives ( 0 0 74101,356,37,393,games
"Tempest Rising: Deluxe Edition (v1.0.0+43454 + 3 DLCs/Bonuses, MULTi10) [FitGirl...",Tempest Rising: Deluxe Edition [FitGirl,627,184,811,games
"House Party: Supporter Edition (v1.4.0.13093 + 8 DLCs, MULTi10) [FitGirl Repack]",House Party: Supporter Edition,309,31,340,games
"South of Midnight: Premium Edition (v1.1.0-184977 + 2 DLCs/Bonuses, MULTi23) [Fi...",South of Midnight: Premium Edition [Fi,344,111,455,games
"AI LIMIT: Deluxe Edition (+ HotFix + 2 DLCs, MULTi10) [FitGirl Repack]",AI LIMIT: Deluxe Edition,247,57,304,games
RuneScape: Dragonwilds,RuneScape: Dragonwilds,183,9,192,games
Schedule I v0.3.3f14,Schedule I 3 3f14,193,2,195,games
Baldur's Gate 3: Digital Deluxe Edition (v4.1.1.6758295/Patch 8 + DLC/Bonus Cont...,Baldur's Gate 3: Digital Deluxe Edition ( 1 1 6758295/Patch 8,552,618,1170,games
Schedule I v0.3.3f15,Schedule I 3 3f15,239,2,241,games
Schedule I v0.3.4f4,Schedule I 3 4f4,338,5,343,games
Mandragora: Whispers of the Witch Tree - Digital Deluxe Edition (v1.2.4.2147 + 9...,Mandragora: Whispers of the Witch Tree - Digital Deluxe Edition ( 2 4 2147,519,50,569,games
Into the Dead: Our Darkest Days v0.3.10829,Into the Dead: Our Darkest Days 3 10829,117,5,122,games
Venus Vacation PRISM: DEAD OR ALIVE Xtreme - Digital Deluxe Edition with Early P...,Venus Vacation PRISM: DEAD OR ALIVE Xtreme - Digital Deluxe Edition with Early P,234,19,253,games
Tempest Rising-RUNE,Tempest Rising-RUNE,145,32,177,games
inZOI Update v2025.03.29,inZOI,53,1,54,games
"Haste (v1.0.b + Bonus Soundtrack, MULTi10) [FitGirl Repack, Selective Download -...","Haste [FitGirl ,",191,17,208,games
The Last of Us Part II Remastered Crackfix-RUNE,The Last of Us Part II Crackfix-RUNE,91,3,94,games
"Dave The Diver: Deluxe Edition (v1.0.4.1637 + 3 DLCs + Bonus Content, MULTi11) [...",Dave The Diver: Deluxe Edition [,241,15,256,games
inZOI Update v2025.03.30,inZOI,61,0,61,games
The Last of Us Part II Remastered Update v1.0.10407.714,The Last of Us Part II,79,2,81,games
"Age of Empires IV: Ultimate Bundle (v13.0.4343.0 + 6 DLCs/Bonuses, MULTi24) [Fit...",Age of Empires IV: Ultimate Bundle [Fit,152,126,278,games
"Cities: Skylines - Collection (v1.19.2-f3 + All DLCs/Bonus Content, MULTi9) [Fit...",Cities: Skylines - Collection [Fit,124,13,137,games
Cyberpunk 2077-CODEX [Ultimate Edition] [v2.21] [ALL DLCs] [Dev Tools] [Multi19],Cyberpunk -CODEX,218,131,349,games
"Forever Skies (v1.0.0 #39095 + 4 DLCs, MULTi12) [FitGirl Repack, Selective Downl...","Forever Skies [FitGirl , Selective Downl",171,21,192,games
The Last of Us Part II Remastered Update v1.1.10410.0940,The Last of Us Part II,52,1,53,games
The Last of Us Part II Remastered Update v1.1.10411.0746,The Last of Us Part II,64,8,72,games
"The Sims 4: Deluxe Edition (v1.113.297.1020 + ONLINE + All DLCs [selectable!], M...",The Sims 4: Deluxe Edition ( 113 297 1020,126,66,192,games
"Last Epoch (v1.2 + Bonus OST, MULTi10) [FitGirl Repack, Selective Download - fro...","Last Epoch [FitGirl , - fro",240,55,295,games
The Elder Scrolls IV: Oblivion Remastered - Deluxe Edition (v0.411.140.0 + All D...,The Elder Scrolls IV: Oblivion - Deluxe Edition ( 411 140 0,146,4975,5121,games
inZOI Update v2025.04.01,inZOI,39,0,39,games
Nordhold,Nordhold,64,0,64,games
"Age of Wonders 4: Premium Edition (v1.010.001.105705 + 10 DLCs + Windows 7 Fix, ...",Age of Wonders 4: Premium Edition ( 010 001 105705,141,10,151,games
Wreckfest 2 [DODI Repack],Wreckfest 2,57,4,61,games
South of Midnight-RUNE,South of Midnight-RUNE,44,13,57,games
Baldur’s Gate 3: Digital Deluxe Edition (v4.1.1.6758295 - Patch #8 + All DLCs + ...,Baldur’s Gate 3: Digital Deluxe Edition ( 1 1 6758295 - Patch #8,173,208,381,games
"FATAL FURY: City of the Wolves (v1.1.2-72904 + DLC, MULTi14) [FitGirl Repack]",FATAL FURY: City of the Wolves,531,253,784,games
inZOI Update v2025.04.04,inZOI,48,1,49,games
The Last of Us Part II Remastered Update v1.2.10416.0553,The Last of Us Part II,62,1,63,games
"American Truck Simulator (v1.54.2.3s + 57 DLCs, MULTi41) [FitGirl Repack]",American Truck Simulator,133,17,150,games
South of Midnight: Premium Edition (v1.1.0 + DLC + Bonus Content + MULTi23) (Fro...,South of Midnight: Premium Edition (Fro,53,24,77,games
"Sins of a Solar Empire II (v1.40.14 + Paths to Power DLC, MULTi12) [FitGirl Repa...",Sins of a Solar Empire II [FitGirl Repa,120,6,126,games
Romancing SaGa 2: Revenge of the Seven (Build 17804876/Denuvoless + Bonus Access...,Romancing SaGa 2: Revenge of the Seven (Build 17804876/Denuvoless,180,21,201,games
"KARMA: The Dark World - Digital Deluxe Edition (+ Bonus Content, MULTi12) [FitGi...",KARMA: The Dark World - Digital Deluxe Edition [FitGi,75,13,88,games
Blue Prince-DOGE,Blue Prince-DOGE,149,5,154,games
The.Elder.Scrolls.IV.Oblivion.Remastered-RUNE [PORTABLE],The Elder Scrolls IV Oblivion -RUNE,143,437,580,games
LUNAR Remastered Collection (MULTi7) [FitGirl Repack],LUNAR Collection,192,25,217,games
SnowRunner: 3-Year Anniversary Edition (v35/Season 15 Update + 41 DLCs + Chill N...,SnowRunner: 3-Year Anniversary Edition (/Season 15,98,33,131,games
"Rain World: Deluxe Edition (v1.10.0 + 2 DLCs + 3 Bonus OSTs, MULTi10) [FitGirl R...",Rain World: Deluxe Edition [FitGirl R,107,8,115,games
SaGa Frontier 2 Remastered (ENG/JAP) [FitGirl Repack],SaGa Frontier 2,118,10,128,games
Drive Beyond Horizons,Drive Beyond Horizons,20,3,23,games
Schedule I v0.3.4f8,Schedule I 3 4f8,166,7,173,games
Tainted Grail: The Fall of Avalon v0.9 (GOG),Tainted Grail: The Fall of Avalon 9,21,4,25,games
#DRIVE Rally (MULTi15) [FitGirl Repack],#DRIVE Rally,155,10,165,games
"The Talos Principle: Reawakened (v729654, MULTi12) [FitGirl Repack, Selective Do...","The Talos Principle: Reawakened [FitGirl , Selective Do",137,19,156,games
"CarX Street: Deluxe Edition (v1.6.0 + 4 DLCs, MULTi8) [FitGirl Repack]",CarX Street: Deluxe Edition,146,32,178,games
RuneScape: Dragonwilds (v0.7.1.4),RuneScape: Dragonwilds,64,3,67,games
"Croc: Legend of the Gobbos - Remaster (v1.01) [FitGirl Repack, Selective Downloa...","Croc: Legend of the Gobbos - Remaster [FitGirl , Selective Downloa",50,18,68,games
Baldurs Gate 3 v4 1 1 6758295-RUNE,Baldurs Gate 3 1 1 6758295-RUNE,58,45,103,games
Mandragora Whispers of the Witch Tree-RUNE,Mandragora Whispers of the Witch Tree-RUNE,88,10,98,games
Last Epoch: Ultimate Edition (v1.2 + All DLCs + Bonus Content + MULTi10) [DODI R...,Last Epoch: Ultimate Edition [DODI R,104,9,113,games
Psycho Patrol R,Psycho Patrol R,41,0,41,games
Aviassembly,Aviassembly,80,0,80,games
Age of Wonders 4 Giant Kings-RUNE,Age of Wonders 4 Giant Kings-RUNE,38,4,42,games
inZOI-RUNE [v20250330] [Multi13],inZOI-RUNE,28,3,31,games
"Crashlands 2 (v1.0.5 + Soundtrack, MULTi9) [FitGirl Repack, Selective Download -...","Crashlands 2 [FitGirl ,",106,9,115,games
"Dark Deity 2: Deluxe Edition (v1.0.1 + Bonus Soundtrack) [FitGirl Repack, Select...","Dark Deity 2: Deluxe Edition [FitGirl , Select",77,6,83,games
"Soulslinger: Envoy of Death (v1.0 Release, MULTi8) [FitGirl Repack, Selective Do...","Soulslinger: Envoy of Death [FitGirl , Selective Do",150,70,220,games
"Nikoderiko: The Magical World - Director's Cut (Build 18097949/Denuvoless, MULTi...","Nikoderiko: The Magical World - Director's Cut (Build 18097949/Denuvoless,",137,8,145,games
"GUILTY GEAR -STRIVE-: Daredevil Edition (v1.44 + 31 DLC/Bonuses, MULTi9) [FitGir...",GUILTY GEAR -STRIVE-: Daredevil Edition [FitGir,67,22,89,games
"Grit and Valor - 1949: Resistance Edition (v1.0.120 + 3 DLCs/Bonuses, MULTi14) [...",Grit and Valor - : Resistance Edition [,78,3,81,games
Last Epoch Tombs of the Erased-RUNE,Last Epoch Tombs of the Erased-RUNE,39,0,39,games
"Chains of Freedom (v1.0.1-44, MULTi9) [FitGirl Repack]",Chains of Freedom,121,7,128,games
Lords of the Fallen (v2.0.3 & All DLCs),Lords of the Fallen,43,20,63,games
Commandos Origins-FLT,Commandos Origins-FLT,74,5,79,games
Kingdom Come: Deliverance II Update v1.2.4,Kingdom Come: Deliverance II,46,0,46,games
Need For Speed Most Wanted (2012) Unofficial Remake [Tiny Repack],Need For Speed Most Wanted Unofficial Remake,35,3,38,games
Marvel's Spider-Man 2-RUNE [Digital Deluxe Edition] [v1.401.1.0] [ALL DLCs] [Mul...,Marvel's Spider-Man 2-RUNE [Mul,15,20,35,games
SNOW BROS. 2 SPECIAL (MULTi15) [FitGirl Repack],SNOW BROS 2 SPECIAL,66,5,71,games
"Oxygen Not Included: Complete Bundle (vU55-663500-SCR + 4 DLCs/Bonuses, MULTi4) ...",Oxygen Not Included: Complete Bundle,149,9,158,games
Strike Force 2: Terrorist Hunt - Enhanced Edition (v2.0.1) [FitGirl Repack],Strike Force 2: Terrorist Hunt - Enhanced Edition,39,3,42,games
Pax Augusta (MULTi6) [FitGirl Repack],Pax Augusta,170,13,183,games
"Dune: Imperium (v2.2.8.1190 + Rise Of Ix DLC, MULTi12) [FitGirl Repack]",Dune: Imperium,76,0,76,games
Spilled!,Spilled!,34,0,34,games
"UBOAT: Supporter Bundle (v2025.1.1 Patch 1 + DLC, MULTi14) [FitGirl Repack]",UBOAT: Supporter Bundle,70,10,80,games
Marvel's Spider-Man 2 Digital Deluxe Edition Update v1.401.1.0,Marvel's Spider-Man 2 Digital Deluxe Edition,13,2,15,games
INAYAH: Life after Gods (MULTi10) [FitGirl Repack],INAYAH: Life after Gods,92,3,95,games
Avowed Update v1.3.1,Avowed,18,0,18,games
Commandos: Origins - Deluxe Edition (v1.0.0.74101 + DLCs + Bonus Content + MULTi...,Commandos: Origins - Deluxe Edition ( 0 0 74101,59,8,67,games
