title,clean_title,seeders,leechers,total_peers,category
A.Minecraft.Movie.2025.1080p.WORKPRINT.x264.COLLECTiVE,A Minecraft Movie WORKPRINT COLLECTiVE,2830,1611,4441,movies
Mickey.17.2025.1080p.WebRip.X264.COLLECTiVE,Mickey 17 COLLECTiVE,1912,1150,3062,movies
Black.Bag.2025.1080p.MA.WEB-DL.DDP5.1.x265-NeoNoir,Black Bag MA DDP5 1 -NeoNoir,2363,1309,3672,movies
A.Working.Man.2025.1080p.WEB-DL.DDP5.1.x265-NeoNoir,A Working Man DDP5 1 -NeoNoir,2502,2975,5477,movies
In.the.Lost.Lands.2025.1080p.WEB-DL.DDP5.1.x265-NeoNoir,In the Lost Lands DDP5 1 -NeoNoir,1814,840,2654,movies
The.Monkey.2025.1080p.WEBRip.x264.AAC-LAMA,The Monkey -LAMA,2126,618,2744,movies
A Working Man (2025) 720p WEBRip-LAMA,A Working Man -LAMA,1545,1063,2608,movies
Cleaner 2025 1080p WEB-DL HEVC x265 5.1 BONE,Cleaner 5 1 BONE,1437,260,1697,movies
Mickey 17 2025 1080p WEB-DL HEVC x265 5.1 BONE,Mickey 17 5 1 BONE,3977,3493,7470,movies
Novocaine.2025.1080p.WEB-DL.DDP5.1.x265-NeoNoir,Novocaine DDP5 1 -NeoNoir,1706,2151,3857,movies
Sikandar 2025 1080p HQ Telesync V1 NO WM 2.0 Hindi DIGITAL HC ESUB - PANTHER RIP...,Sikandar HQ NO WM 2 0 Hindi DIGITAL ESUB - PANTHER RIP,823,77,900,movies
Deva 2025 1080p WEB-DL AAC5.1 x265 - xRG,Deva AAC5 1 - xRG,293,39,332,movies
The Alto Knights 2025 1080p WEB-DL HEVC x265 5.1 BONE,The Alto Knights 5 1 BONE,1170,438,1608,movies
G20.2025.1080p.DS4K.WEB-DL.DDP5.1.x265-NeoNoir,G20 DS4K DDP5 1 -NeoNoir,1026,651,1677,movies
"Officer on Duty (2025) 720p WEBRip x264 AAC [ Hin, Mal ] ESub",Officer on Duty ESub,640,51,691,movies
A.Minecraft.Movie.2025.1080p.TeleSync.Brighter.Version.X264.COLLECTiVE,A Minecraft Movie Brighter Version COLLECTiVE,949,200,1149,movies
Holland.2025.1080p.AMZN.WEB-DL.DDP5.1.H.265-P2PClub,Holland AMZN DDP5 1 H 265-P2PClub,471,167,638,movies
Captain America Brave New World 2025 1080p WEB-DL HEVC x265 5.1 BONE,Captain America Brave New World 5 1 BONE,713,388,1101,movies
A.Working.Man.2025.1080p.HDRip.Cam.Audio.READNFO.x264.COLLECTiVE,A Working Man Audio READNFO COLLECTiVE,236,138,374,movies
A Working Man 2025 1080p HDRip (Cam Audio) HEVC x265-RMTeam,A Working Man -RMTeam,536,245,781,movies
JAAT 2025 HDTS NO ADS (REPLACED WM) HDTS AAC 2.0 DIGITAL - PANTHER RIPS,JAAT HDTS NO ADS HDTS 2 0 DIGITAL - PANTHER RIPS,139,149,288,movies
The.Assessment.2024.1080p.WEB-DL.DDP5.1.x265-NeoNoir,The Assessment DDP5 1 -NeoNoir,662,570,1232,movies
Gunslingers.2025.1080p.WEBRip.x264.AAC5.1-LAMA,Gunslingers AAC5 1-LAMA,899,166,1065,movies
Black Bag (2025) Eng 1080p WEBRip x265 AAC ESub,Black Bag ESub,310,148,458,movies
Mickey 17 2025 1080p HDRip HEVC x265-RMTeam,Mickey 17 -RMTeam,857,2963,3820,movies
Popeye.The.Slayer.Man 2025.1080p.WEB-DL.x264.DD5.1-BobDobbs,Popeye The Slayer Man DD5 1-BobDobbs,635,100,735,movies
Home.Sweet.Home.Rebirth.2025.1080p.WEBRip.x264.AAC5.1-LAMA,Home Sweet Home Rebirth AAC5 1-LAMA,847,188,1035,movies
Chhaava 2025 1080p DS4K WEB-DL DDP5.1 x265 - xRG,Chhaava DS4K DDP5 1 - xRG,295,78,373,movies
Riff.Raff.2024.1080p.WEBRip.x264.AAC5.1-LAMA,Riff Raff AAC5 1-LAMA,302,59,361,movies
A.Knights.War.2025.1080p.WEB-DL.AAC5.1.x265-NeoNoir,A Knights War AAC5 1 -NeoNoir,311,29,340,movies
Chhorii 2 (2025) Hindi 720p WEBRip x264 AAC ESub,Chhorii 2 Hindi ESub,241,29,270,movies
Deva (2025) Hindi 720p WEBRip x264 AAC ESub,Deva Hindi ESub,324,46,370,movies
Black.Bag.2025.1080p.WEBRip.x264.DDP5.1-APEX,Black Bag DDP5 1-APEX,757,258,1015,movies
Black.Bag.2025.1080p.WEBRip.AAC5.1.10bits.x265-Rapta,Black Bag AAC5 1 10bits -Rapta,1140,734,1874,movies
Becoming Led Zeppelin (2025) 1080p WEBRip 5 1-LAMA,Becoming Led Zeppelin 5 1-LAMA,394,172,566,movies
Sikandar 2025 720p HQ Telesync V1 NO WM 2.0 Hindi DIGITAL HC ESUB - PANTHER RIPS,Sikandar HQ NO WM 2 0 Hindi DIGITAL ESUB - PANTHER RIPS,111,37,148,movies
Crazxy 2025 1080p DS4K WEB-DL DDP5.1 x265 - xRG,Crazxy DS4K DDP5 1 - xRG,238,33,271,movies
A.Working.Man.2025.2160p.AMZN.WEB-DL.DDP5.1.Atmos.H.265-BYNDR,A Working Man AMZN DDP5 1 Atmos H 265-BYNDR,721,520,1241,movies
Mickey.17.2025.Hybrid.2160p.WEB-DL.DV.HDR.DDP5.1.Atmos.H265-AOC,Mickey 17 Hybrid DV HDR DDP5 1 Atmos H265-AOC,436,220,656,movies
A Minecraft Movie [2025] 1080p Workprint x264 AC3 (UKB),A Minecraft Movie Workprint,371,1642,2013,movies
Snow.White.2025.1080p.Cam.X264.COLLECTiVE,Snow White COLLECTiVE,281,113,394,movies
Cleaner.2025.1080p.AMZN.WEB-DL.H264-EniaHD,Cleaner AMZN H264-EniaHD,228,69,297,movies
Superboys of Malegaon (2025) Hindi 720p WEBRip x264 AAC ESub,Superboys of Malegaon Hindi ESub,203,15,218,movies
Mere Husband Ki Biwi (2025) Hindi 720p WEBRip x264 AAC ESub,Mere Husband Ki Biwi Hindi ESub,619,106,725,movies
In.The.Lost.Lands.2025.1080p.WEBRip.x264.AAC5.1-LAMA,In The Lost Lands AAC5 1-LAMA,1084,274,1358,movies
Mickey 17 2025 4K 2160p UPSC WebRip X265 PANTHER RiPS,Mickey 17 UPSC PANTHER RiPS,332,316,648,movies
Zakir.Khan.Delulu.Express.2025.1080p.AMZN.WEB-DL.DDP5.1.H.265-REL1VIN,Zakir Khan Delulu Express AMZN DDP5 1 H 265-REL1VIN,45,7,52,movies
Novocaine.2025.1080p.AMZN.WEB-DL.H264.DDP5 1.Atmos-BYNDR,Novocaine AMZN H264 DDP5 1 Atmos-BYNDR,362,34,396,movies
Captain.America.Brave.New.World.2025.Hybrid.2160p.WEB-DL.DV.HDR.DDP5.1.Atmos.H26...,Captain America Brave New World Hybrid DV HDR DDP5 1 Atmos H26,644,285,929,movies
Bring.Them.Down.2024.1080p.WEBRip.x264.AAC5.1-LAMA,Bring Them Down AAC5 1-LAMA,329,94,423,movies
Fog.Of.War.2025.1080p.WEBRip.x265.10bit.AAC5.1-LAMA,Fog Of War 10bit AAC5 1-LAMA,257,32,289,movies
The Woman in the Yard 2025 1080p AMZN WEB-DL H264-FRANK,The Woman in the Yard AMZN H264-FRANK,549,517,1066,movies
Caligula The Ultimate Cut (2023) 1080p WEBRip x265 10bit 5.1-LAMA,Caligula The Ultimate Cut 10bit 5 1-LAMA,169,16,185,movies
Logout (2025) Hindi 1080p WEBRip x264 AAC ESub,Logout Hindi ESub,554,78,632,movies
Dragon (2025) 720p WEBRip x265 AAC [ Hin Mal ] ESub,Dragon ESub,127,24,151,movies
Mickey.17.2025.2160p.HDR10Plus.DV.WEBRip.DDP5 1.Atmos.X265.HEVC-PSA,Mickey 17 HDR10Plus DV DDP5 1 Atmos -PSA,894,2444,3338,movies
Arouse 2025 1080p Tagalog WEB-DL HEVC x265 BONE,Arouse Tagalog BONE,245,18,263,movies
"Court State vs A Nobody (2025) 720p WEBRip x264 AAC [ Hin, Tel ] ESub",Court State vs A Nobody ESub,216,31,247,movies
Peter.Pans.Neverland.Nightmare.2025.1080p.WEBRip.x264.AAC5.1-LAMA,Peter Pans Neverland Nightmare AAC5 1-LAMA,384,33,417,movies
Warfare.2025.1080p.TELESYNC.Read.Note.NFO.X264.COLLECTiVE,Warfare Read Note NFO COLLECTiVE,509,634,1143,movies
Opus.2025.1080p.WEB-DL.DDP5.1.x265-NeoNoir,Opus DDP5 1 -NeoNoir,309,133,442,movies
Sex-Positive.2024.1080p.BluRay.AV1.Opus.5.1-SWAXXON,Sex-Positive AV1 Opus 5 1-SWAXXON,73,21,94,movies
Mickey 17 (2025) (1080p AMZN WEB-DL x265 10bit EAC3 5.1 Silence) [QxR],Mickey 17,449,130,579,movies
"Viduthalai Part 2 (2024) 720p WEBRip x264 AAC [ Hin, Tam ] ESub",Viduthalai Part 2 ESub,219,37,256,movies
Novocaine 2025 1080p WEB-DL HEVC x265 5.1 BONE,Novocaine 5 1 BONE,293,158,451,movies
It.Feeds.2025.1080p.WEBRip.x264.AAC-LAMA,It Feeds -LAMA,1154,239,1393,movies
Kaafir (2025) Hin 720p WEBRip x264 AAC ESub,Kaafir Hin ESub,241,17,258,movies
Death.Of.A.Unicorn.2025.1080p.Cam.X264.COLLECTiVE,Death Of A Unicorn COLLECTiVE,171,81,252,movies
The.Rule.Of.Jenny.Pen.2024.1080p.WEBRip.x264.AAC5.1-LAMA,The Rule Of Jenny Pen AAC5 1-LAMA,304,145,449,movies
The World Will Tremble (2025) 1080p WEBRip 5 1-LAMA,The World Will Tremble 5 1-LAMA,242,33,275,movies
Black.Bag.2025.2160p.WEB-DL.H265.HDR.DDP.5.1-HONE,Black Bag H265 HDR DDP 5 1-HONE,342,402,744,movies
Novocaine.2025.Hybrid.2160p.WEB-DL.DV.HDR.DDP5.1.Atmos.H265-AOC,Novocaine Hybrid DV HDR DDP5 1 Atmos H265-AOC,351,589,940,movies
A Working Man 2025 1080p WEB-DL HEVC x265 5.1 BONE,A Working Man 5 1 BONE,497,657,1154,movies
Lifeline.2025.1080p.WEBRip.x264.AAC5.1-LAMA,Lifeline AAC5 1-LAMA,537,74,611,movies
Chhaava (2025) Hindi 720p WEBRip x264 AAC ESub,Chhaava Hindi ESub,178,19,197,movies
The.Monkey.2025.1080p.AMZN.WEB-DL.DDP5.1.x265-NeoNoir,The Monkey AMZN DDP5 1 -NeoNoir,157,258,415,movies
Black Bag (2025) (1080p MA WEB-DL x265 10bit EAC3 5.1 Ghost) [QxR],Black Bag,214,24,238,movies
The Diplomat 2025 (4K 2160p x265 WEBRIP DD5.1) PANTHER RiPS,The Diplomat PANTHER RiPS,49,58,107,movies
Reign Of Fire 2002 1080p BluRay HEVC x265 5.1 BONE,Reign Of Fire 5 1 BONE,559,42,601,movies
"Test (2025) 720p WEBRip x265 AAC [ Hin, Tel ] ESub",Test ESub,80,13,93,movies
Presence.2024.1080p.WEBRip.x264.AAC5.1-LAMA,Presence AAC5 1-LAMA,214,75,289,movies
The.Monkey.2025.1080p.AMZN.WEB-DL.DDP5.1.H.264-HONE,The Monkey AMZN DDP5 1 H 264-HONE,379,325,704,movies
Renner 2025 1080p WEB-DL HEVC x265 5.1 BONE,Renner 5 1 BONE,183,13,196,movies
Bangkera 2025 1080p Tagalog WEB-DL HEVC x265 BONE,Bangkera Tagalog BONE,168,17,185,movies
Rich.Flu.2024.720p.AMZN.WEB-DL.DDP5.1.H.264-WELP,Rich Flu AMZN DDP5 1 H 264-WELP,113,7,120,movies
"Aghathiyaa (2025) 720p WEBRip x265 AAC [ Hin , Tel ] ESub",Aghathiyaa ESub,202,25,227,movies
Mickey.17.2025.1080p.DS4K.WEB-DL.DDP5.1.x265-NeoNoir,Mickey 17 DS4K DDP5 1 -NeoNoir,340,233,573,movies
Habal 2025 1080p Tagalog WEB-DL HEVC x265 BONE,Habal Tagalog BONE,148,13,161,movies
Love.Hurts.2025.1080p.BluRay.x264.AAC5.1-LAMA,Love Hurts AAC5 1-LAMA,221,16,237,movies
A.Working.Man.2025.1080p.AMZN.WEB-DL.x264-FRANK,A Working Man AMZN -FRANK,438,376,814,movies
Shadow Of God (2025) 1080p WEBRip 5 1-LAMA,Shadow Of God 5 1-LAMA,226,32,258,movies
"Pravinkoodu Shappu (2025) 720p WEBRip x264 AAC [ Hin, Mal ] ESub",Pravinkoodu Shappu ESub,121,28,149,movies
Turn.Me.On.2024.1080p.WEB-DL.DDP5.1.x265-NeoNoir,Turn Me On DDP5 1 -NeoNoir,105,6,111,movies
China and Sex [1994 - Italy] erotic drama,China and Sex erotic drama,68,29,97,movies
Revelations 2025 1080p (DUAL) WEB-DL HEVC x265 5.1 BONE,Revelations 5 1 BONE,175,148,323,movies
High.Ground.2025.1080p.WEBRip.x264.AAC5.1-LAMA,High Ground AAC5 1-LAMA,161,26,187,movies
A.Working.Man.2025.1080p.AMZN.WEB-DL.DDP5.1.Atmos.H.264-BYNDR,A Working Man AMZN DDP5 1 Atmos H 264-BYNDR,377,168,545,movies
Alexander.And.The.Terrible.Horrible.No.Good.Very.Bad.Road.Trip.2025.1080p.WEBRip...,Alexander And The Terrible Horrible No Good Very Bad Road Trip,157,14,171,movies
McVeigh 2024 1080p WEB-DL HEVC x265-RMTeam,McVeigh -RMTeam,121,11,132,movies
Violet 2025 1080p Tagalog WEB-DL HEVC x265 BONE,Violet Tagalog BONE,149,19,168,movies
