title,clean_title,seeders,leechers,total_peers,category
The.Accountant.2.2025.1080p.WebRip.Repack.Read.Note.X264.COLLECTiVE,The Accountant 2 Read Note COLLECTiVE,4004,4349,8353,movies
A.Working.Man.2025.1080p.WEB-DL.DDP5.1.x265-NeoNoir,A Working Man DDP5 1 -NeoNoir,2643,1055,3698,movies
Death.of.a.Unicorn.2025.1080p.WEB-DL.DDP5.1.x265-NeoNoir,Death of a Unicorn DDP5 1 -NeoNoir,1933,1336,3269,movies
Sinners.2025.1080p.TeleSync.X264.COLLECTiVE,Sinners COLLECTiVE,1404,2087,3491,movies
Havoc 2025 1080p WEB-DL HEVC x265 5.1 BONE,Havoc 5 1 BONE,2372,480,2852,movies
Warfare.2025.1080p.WEB-DL.DDP5.1.x265-NeoNoir,Warfare DDP5 1 -NeoNoir,2998,2597,5595,movies
Ash.2025.1080p.WEB-DL.DDP5.1.x265-NeoNoir,Ash DDP5 1 -NeoNoir,1247,267,1514,movies
Locked.2025.1080p.WEB-DL.DDP5.1.x265-NeoNoir,Locked DDP5 1 -NeoNoir,1014,327,1341,movies
Drop.2025.1080p.WEB-DL.DDP5.1.x265-NeoNoir,Drop DDP5 1 -NeoNoir,1160,930,2090,movies
Captain America Brave New World 2025 1080p WEB-DL HEVC x265 5.1 BONE,Captain America Brave New World 5 1 BONE,435,60,495,movies
The Alto Knights 2025 1080p WEB-DL HEVC x265 5.1 BONE,The Alto Knights 5 1 BONE,912,248,1160,movies
A.Minecraft.Movie.2025.1080p.TeleSync.Brighter.Version.X264.COLLECTiVE,A Minecraft Movie Brighter Version COLLECTiVE,859,105,964,movies
G20.2025.1080p.DS4K.WEB-DL.DDP5.1.x265-NeoNoir,G20 DS4K DDP5 1 -NeoNoir,1190,252,1442,movies
JAAT 2025 HDTS NO ADS (REPLACED WM) HDTS AAC 2.0 DIGITAL - PANTHER RIPS,JAAT HDTS NO ADS HDTS 2 0 DIGITAL - PANTHER RIPS,307,132,439,movies
Another.Simple.Favor.2025.1080p.WEB-DL.DDP5.1.x265-NeoNoir,Another Simple Favor DDP5 1 -NeoNoir,993,588,1581,movies
Jewel Thief  The Heist Begins (2025) Hindi 720p WEBRip x264 AAC ESub,Jewel Thief The Heist Begins Hindi ESub,607,48,655,movies
Raid 2 2025 (720p TELESYNC x264 NO WM AAC 2.0 DIGITAL) PANTHER RIPS,Raid 2 PANTHER RIPS,584,53,637,movies
Gunslingers.2025.1080p.WEBRip.x264.AAC5.1-LAMA,Gunslingers AAC5 1-LAMA,751,111,862,movies
Mere Husband Ki Biwi (2025) Hindi 720p WEBRip x264 AAC ESub,Mere Husband Ki Biwi Hindi ESub,429,18,447,movies
Kesari Chapter 2 (2025) Hindi 720p WEBRip x264 AAC ESub,Kesari Chapter 2 Hindi ESub,1035,198,1233,movies
Chhaava 2025 1080p DS4K WEB-DL DDP5.1 x265 - xRG,Chhaava DS4K DDP5 1 - xRG,276,24,300,movies
Raid 2 2025 (1080p TELESYNC x264 NO WM 2.0 192 DIGITAL) PANTHER RIPS,Raid 2 PANTHER RIPS,488,73,561,movies
Logout (2025) Hindi 1080p WEBRip x264 AAC ESub,Logout Hindi ESub,484,21,505,movies
HIT 3 2025 (1080P TELESYNC x264 HINDI + TELUGU NO WM AAC 2.0 DIGITAL) PANTHER RI...,HIT 3 PANTHER RI,579,169,748,movies
It.Feeds.2025.1080p.WEBRip.x264.AAC-LAMA,It Feeds -LAMA,425,16,441,movies
Home.Sweet.Home.Rebirth.2025.1080p.WEBRip.x264.AAC5.1-LAMA,Home Sweet Home Rebirth AAC5 1-LAMA,773,76,849,movies
Warfare.2025.1080p.TELESYNC.Read.Note.NFO.X264.COLLECTiVE,Warfare Read Note NFO COLLECTiVE,366,188,554,movies
Exterritorial 2025 1080p (DUAL) WEB-DL HEVC x265 5.1 BONE,Exterritorial 5 1 BONE,817,518,1335,movies
Neighborhood.Watch.2025.1080p.WEB-DL.DDP5.1.x265-NeoNoir,Neighborhood Watch DDP5 1 -NeoNoir,416,73,489,movies
Chhorii 2 (2025) Hindi 720p WEBRip x264 AAC ESub,Chhorii 2 Hindi ESub,194,14,208,movies
Costao (2025) Hindi 720p WEBRip x265 DD 5.1 ESub,Costao Hindi DD 5 1 ESub,378,43,421,movies
A.Working.Man.2025.2160p.AMZN.WEB-DL.DDP5.1.Atmos.H.265-BYNDR,A Working Man AMZN DDP5 1 Atmos H 265-BYNDR,407,82,489,movies
Crazxy 2025 1080p DS4K WEB-DL DDP5.1 x265 - xRG,Crazxy DS4K DDP5 1 - xRG,233,28,261,movies
Captain.America.Brave.New.World.2025.Hybrid.2160p.WEB-DL.DV.HDR.DDP5.1.Atmos.H26...,Captain America Brave New World Hybrid DV HDR DDP5 1 Atmos H26,412,111,523,movies
Superboys of Malegaon (2025) Hindi 720p WEBRip x264 AAC ESub,Superboys of Malegaon Hindi ESub,153,16,169,movies
The Woman in the Yard 2025 1080p AMZN WEB-DL H264-FRANK,The Woman in the Yard AMZN H264-FRANK,377,133,510,movies
The.Accountant.2016.1080p.WEB-RIP.OPEN-MATTE.REMASTERED.HDR10.x265.10Bit.HEVC.En...,The Accountant WEB-RIP OPEN-MATTE HDR10 10Bit En,411,442,853,movies
"Court State vs A Nobody (2025) 720p WEBRip x264 AAC [ Hin, Tel ] ESub",Court State vs A Nobody ESub,174,22,196,movies
"L2 Empuraan (2025) 1080p WEBRip x265 AAC [ Hin , Mal ] ESub",L2 Empuraan ESub,395,54,449,movies
Freaky Tales 2024 1080p WEB HEVC x265-RMTeam,Freaky Tales WEB -RMTeam,499,376,875,movies
Jewel Thief The Heist Begins 2025 1080p WEB-DL AAC5.1 x265 - xRG,Jewel Thief The Heist Begins AAC5 1 - xRG,413,49,462,movies
The.Luckiest.Man.in.America.2024.1080p.WEB-DL.DDP5.1.x265-NeoNoir,The Luckiest Man in America DDP5 1 -NeoNoir,693,91,784,movies
Mickey 17 (2025) (1080p AMZN WEB-DL x265 10bit EAC3 5.1 Silence) [QxR],Mickey 17,369,93,462,movies
"Good Bad Ugly (2025) 720p HC HDRip x265 AAC [ Hin, Tam ] HC ESub",Good Bad Ugly ESub,218,45,263,movies
Warfare.2025.Hybrid.2160p.WEB-DL.DV.HDR.DDP5.1.Atmos.H265-AOC,Warfare Hybrid DV HDR DDP5 1 Atmos H265-AOC,949,478,1427,movies
"Veera Dheera Sooran Part 2 (2025) 720p WEBRip x264 AAC [ Hin, Tam ] ESub",Veera Dheera Sooran Part 2 ESub,297,34,331,movies
The.Bayou.2025.1080p.WEBRip.x265.10bit.AAC5.1-[88],The Bayou 10bit AAC5 1,307,29,336,movies
Drop 2025 1080p AMZN WEB-DL DDP5 1 H 264-APEX,Drop AMZN DDP5 1 H 264-APEX,327,106,433,movies
Chhaava (2025) Hindi 720p WEBRip x264 AAC ESub,Chhaava Hindi ESub,128,17,145,movies
Havoc.2025.1080p.NF.WEB-DL.DDP5.1.H.264-EniaHD,Havoc NF DDP5 1 H 264-EniaHD,369,131,500,movies
Reign Of Fire 2002 1080p BluRay HEVC x265 5.1 BONE,Reign Of Fire 5 1 BONE,154,20,174,movies
A Working Man 2025 1080p WEB-DL HEVC x265 5.1 BONE,A Working Man 5 1 BONE,275,64,339,movies
Death.Of.A.Unicorn.2025.1080p.WEB.H.264-ETHEL,Death Of A Unicorn WEB H 264-ETHEL,319,80,399,movies
Bullet Train Explosion 2025 1080p (DUAL) WEB-DL HEVC x265 5.1 BONE,Bullet Train Explosion 5 1 BONE,380,401,781,movies
Lifeline.2025.1080p.WEBRip.x264.AAC5.1-LAMA,Lifeline AAC5 1-LAMA,265,12,277,movies
Locked 2025 1080p AMZN WEB-DL DDP5.1 H.264-BYNDR,Locked AMZN DDP5 1 H 264-BYNDR,371,35,406,movies
Rust.2024.1080p.WEB-DL.DDP5.1.x265-NeoNoir,Rust DDP5 1 -NeoNoir,439,109,548,movies
Bangkera 2025 1080p Tagalog WEB-DL HEVC x265 BONE,Bangkera Tagalog BONE,192,12,204,movies
Death.Of.A.Unicorn.2025.720p.WEBRip.x264.AAC-[88],Death Of A Unicorn,549,746,1295,movies
Ash 2025 1080p AMZN WEB-DL DDP5.1 H.264-BYNDR,Ash AMZN DDP5 1 H 264-BYNDR,282,34,316,movies
A.Working.Man.2025.1080p.AMZN.WEB-DL.x264-FRANK,A Working Man AMZN -FRANK,252,98,350,movies
Superboys of Malegaon 2025 1080p DS4K WEB-DL AAC5.1 x265 - xRG,Superboys of Malegaon DS4K AAC5 1 - xRG,164,32,196,movies
Hell.of.a.Summer.2023.1080p.WEB-DL.AAC5.1.x265-NeoNoir,Hell of a Summer AAC5 1 -NeoNoir,244,132,376,movies
Spun 2002 UNCENSORED DC 720p WEBRip X265 HEVC AAC 2.0-[88],Spun UNCENSORED DC 2 0,184,12,196,movies
Deep Inside Angeli Khang 2025 1080p Tagalog WEB-DL HEVC x265 BONE,Deep Inside Angeli Khang Tagalog BONE,171,13,184,movies
FREAKY TALES 2024 1080p AMZN WEB-DL H264-APEX,FREAKY TALES AMZN H264-APEX,244,184,428,movies
Violet 2025 1080p Tagalog WEB-DL HEVC x265 BONE,Violet Tagalog BONE,103,18,121,movies
"Pravinkoodu Shappu (2025) 720p WEBRip x264 AAC [ Hin, Mal ] ESub",Pravinkoodu Shappu ESub,261,27,288,movies
Warfare 2025 1080p WEB H264 DDP5.1 ATMOS-[88],Warfare WEB H264 DDP5 1 ATMOS,494,427,921,movies
Shadow Of God (2025) 1080p WEBRip 5 1-LAMA,Shadow Of God 5 1-LAMA,103,7,110,movies
Captain.America.Brave.New.World.2025.PROPER.1080p.WEB.h264-ETHEL,Captain America Brave New World PROPER WEB h264-ETHEL,499,149,648,movies
Paradox.Effect.2024.1080p.BluRay.x264.AAC5.1-[88],Paradox Effect AAC5 1,236,20,256,movies
A.Working.Man.2025.1080p.AMZN.WEB-DL.DDP5.1.Atmos.H.264-BYNDR,A Working Man AMZN DDP5 1 Atmos H 264-BYNDR,199,41,240,movies
A.Minecraft.Movie.2025.1080p.PROPER.TELESYNC.x264-COLLECTiVE,A Minecraft Movie PROPER -COLLECTiVE,323,103,426,movies
Marching.Powder.2025.1080p.WebRip.Coys-Will1869,Marching Powder Coys-Will1869,199,24,223,movies
SALVABLE 2025 1080p WEB-DL HEVC x265 5.1 BONE,SALVABLE 5 1 BONE,293,40,333,movies
The.Friend.2024.1080p.WEB-DL.DDP5.1.x265-NeoNoir,The Friend DDP5 1 -NeoNoir,205,88,293,movies
The.Penguin.Lessons.2024.1080p.WEB-DL.DDP5.1.x265-NeoNoir,The Penguin Lessons DDP5 1 -NeoNoir,243,168,411,movies
Star Wars Original Trilogy REMASTERED 1080p BluRay H265 HEVC AAC 5.1-[88],Star Wars Original Trilogy H265 5 1,460,197,657,movies
Death.of.a.Unicorn.2025.Hybrid.2160p.WEB-DL.DV.HDR.DDP5.1.Atmos.H265-AOC,Death of a Unicorn Hybrid DV HDR DDP5 1 Atmos H265-AOC,304,126,430,movies
Warlord 2025 1080p BluRay DD5.1 HEVC x265-RMTeam,Warlord DD5 1 -RMTeam,298,16,314,movies
Mere Husband Ki Biwi (2025) Hindi 1080p WEBRip x264 DD 5.1 ESub,Mere Husband Ki Biwi Hindi DD 5 1 ESub,61,10,71,movies
Havoc 2025 720p NF WEB-DL x264 ESubs-FRANK,Havoc NF ESubs-FRANK,341,114,455,movies
Rapsa 2025 1080p Tagalog WEB-DL HEVC x265 BONE,Rapsa Tagalog BONE,319,33,352,movies
Sabik 2025 1080p Tagalog WEB-DL HEVC x265 BONE,Sabik Tagalog BONE,143,18,161,movies
Captain America : Brave New World (2025) RM4K 1080p iT-WEBRip [Hin-Eng] DDP 5.1 ...,Captain America : Brave New World RM4K iT- DDP 5 1,67,13,80,movies
The.Woman.in.the.Yard.2025.1080p.MA.WEB-DL.AAC5.1.x265-NeoNoir,The Woman in the Yard MA AAC5 1 -NeoNoir,193,29,222,movies
Jaat 2025 (2160p x265 HDTS NO ADS AI UPSCALED HINDI AAC 2.0 DIGITAL) PANTHER RIP...,Jaat PANTHER RIP,80,58,138,movies
Captain America Brave New World 2025 1080p AMZN WEB-DL H264-FRANK,Captain America Brave New World AMZN H264-FRANK,250,9,259,movies
Havoc.2025.1080p.WEB-DL.DDP5.1.x265-NeoNoir,Havoc DDP5 1 -NeoNoir,202,39,241,movies
G20.2025.1080p.AMZN.WEB-DL.DDP5.1.H.264-FHC.mkv,G20 AMZN DDP5 1 H 264-FHC mkv,132,7,139,movies
Havoc.2025.2160p.NF.WEB-DL.H.265.DDP5.1.Atmos-Tyrell,Havoc NF H 265 DDP5 1 Atmos-Tyrell,250,93,343,movies
Teenage Innocence [1973 - USA] erotic sexploitation,Teenage Innocence erotic sexploitation,105,28,133,movies
Tampipi 2025 1080p Tagalog WEB-DL HEVC x265 5.1 BONE,Tampipi Tagalog 5 1 BONE,156,10,166,movies
A.Minecraft.Movie.2025.1080p.TeleSync.X264.COLLECTiVE,A Minecraft Movie COLLECTiVE,211,140,351,movies
Screamboat 2025 1080p WEBRip X264 AAC 5.1-[88],Screamboat 5 1,289,45,334,movies
"Exterritorial (2025) 720p WEBRip x264 AAC [ Hin, Eng ] ESub",Exterritorial ESub,113,51,164,movies
Chhorii 2 2025 1080p DS4K WEB-DL DDP5.1 x265 - xRG,Chhorii 2 DS4K DDP5 1 - xRG,123,18,141,movies
Rich.Flu.2024.1080p.WEBRip.x265-KONTRAST,Rich Flu -KONTRAST,78,15,93,movies
iHostage (2025) 720p WEBRip x264 AAC Hin Multi ESub,iHostage Hin ESub,62,8,70,movies
