title,clean_title,seeders,leechers,total_peers,category
A.Minecraft.Movie.2025.1080p.WORKPRINT.x264.COLLECTiVE,A Minecraft Movie WORKPRINT COLLECTiVE,3044,1575,4619,movies
The.Accountant.2.2025.1080p.WebRip.Repack.Read.Note.X264.COLLECTiVE,The Accountant 2 Read Note COLLECTiVE,4010,7989,11999,movies
A.Working.Man.2025.1080p.WEB-DL.DDP5.1.x265-NeoNoir,A Working Man DDP5 1 -NeoNoir,2643,1055,3698,movies
Black.Bag.2025.1080p.MA.WEB-DL.DDP5.1.x265-NeoNoir,Black Bag MA DDP5 1 -NeoNoir,2363,1309,3672,movies
In.the.Lost.Lands.2025.1080p.WEB-DL.DDP5.1.x265-NeoNoir,In the Lost Lands DDP5 1 -NeoNoir,1633,545,2178,movies
A Working Man (2025) 720p WEBRip-LAMA,A Working Man -LAMA,1545,1063,2608,movies
Mickey 17 2025 1080p WEB-DL HEVC x265 5.1 BONE,Mickey 17 5 1 BONE,3879,2183,6062,movies
Novocaine.2025.1080p.WEB-DL.DDP5.1.x265-NeoNoir,Novocaine DDP5 1 -NeoNoir,1410,795,2205,movies
Sinners.2025.1080p.TeleSync.X264.COLLECTiVE,Sinners COLLECTiVE,1361,2756,4117,movies
Havoc 2025 1080p WEB-DL HEVC x265 5.1 BONE,Havoc 5 1 BONE,2594,1310,3904,movies
Ash.2025.1080p.WEB-DL.DDP5.1.x265-NeoNoir,Ash DDP5 1 -NeoNoir,1350,301,1651,movies
Sikandar 2025 1080p HQ Telesync V1 NO WM 2.0 Hindi DIGITAL HC ESUB - PANTHER RIP...,Sikandar HQ NO WM 2 0 Hindi DIGITAL ESUB - PANTHER RIP,823,77,900,movies
Locked.2025.1080p.WEB-DL.DDP5.1.x265-NeoNoir,Locked DDP5 1 -NeoNoir,1062,411,1473,movies
Captain America Brave New World 2025 1080p WEB-DL HEVC x265 5.1 BONE,Captain America Brave New World 5 1 BONE,435,60,495,movies
The Alto Knights 2025 1080p WEB-DL HEVC x265 5.1 BONE,The Alto Knights 5 1 BONE,912,248,1160,movies
A.Minecraft.Movie.2025.1080p.TeleSync.Brighter.Version.X264.COLLECTiVE,A Minecraft Movie Brighter Version COLLECTiVE,859,105,964,movies
G20.2025.1080p.DS4K.WEB-DL.DDP5.1.x265-NeoNoir,G20 DS4K DDP5 1 -NeoNoir,1190,252,1442,movies
JAAT 2025 HDTS NO ADS (REPLACED WM) HDTS AAC 2.0 DIGITAL - PANTHER RIPS,JAAT HDTS NO ADS HDTS 2 0 DIGITAL - PANTHER RIPS,307,132,439,movies
Death.of.a.Unicorn.2025.1080p.WEB-DL.DDP5.1.x265-NeoNoir,Death of a Unicorn DDP5 1 -NeoNoir,2253,958,3211,movies
A.Working.Man.2025.1080p.HDRip.Cam.Audio.READNFO.x264.COLLECTiVE,A Working Man Audio READNFO COLLECTiVE,236,138,374,movies
The.Assessment.2024.1080p.WEB-DL.DDP5.1.x265-NeoNoir,The Assessment DDP5 1 -NeoNoir,619,296,915,movies
A Working Man 2025 1080p HDRip (Cam Audio) HEVC x265-RMTeam,A Working Man -RMTeam,536,245,781,movies
Gunslingers.2025.1080p.WEBRip.x264.AAC5.1-LAMA,Gunslingers AAC5 1-LAMA,751,111,862,movies
Jewel Thief  The Heist Begins (2025) Hindi 720p WEBRip x264 AAC ESub,Jewel Thief The Heist Begins Hindi ESub,511,58,569,movies
Mere Husband Ki Biwi (2025) Hindi 720p WEBRip x264 AAC ESub,Mere Husband Ki Biwi Hindi ESub,231,21,252,movies
Mickey 17 2025 1080p HDRip HEVC x265-RMTeam,Mickey 17 -RMTeam,871,2001,2872,movies
Chhaava 2025 1080p DS4K WEB-DL DDP5.1 x265 - xRG,Chhaava DS4K DDP5 1 - xRG,276,24,300,movies
Black Bag (2025) Eng 1080p WEBRip x265 AAC ESub,Black Bag ESub,310,148,458,movies
It.Feeds.2025.1080p.WEBRip.x264.AAC-LAMA,It Feeds -LAMA,477,33,510,movies
Home.Sweet.Home.Rebirth.2025.1080p.WEBRip.x264.AAC5.1-LAMA,Home Sweet Home Rebirth AAC5 1-LAMA,773,76,849,movies
Logout (2025) Hindi 1080p WEBRip x264 AAC ESub,Logout Hindi ESub,267,11,278,movies
Chhorii 2 (2025) Hindi 720p WEBRip x264 AAC ESub,Chhorii 2 Hindi ESub,194,14,208,movies
Warfare.2025.1080p.TELESYNC.Read.Note.NFO.X264.COLLECTiVE,Warfare Read Note NFO COLLECTiVE,366,188,554,movies
A.Working.Man.2025.2160p.AMZN.WEB-DL.DDP5.1.Atmos.H.265-BYNDR,A Working Man AMZN DDP5 1 Atmos H 265-BYNDR,407,82,489,movies
Neighborhood.Watch.2025.1080p.WEB-DL.DDP5.1.x265-NeoNoir,Neighborhood Watch DDP5 1 -NeoNoir,719,80,799,movies
Black.Bag.2025.1080p.WEBRip.x264.DDP5.1-APEX,Black Bag DDP5 1-APEX,757,258,1015,movies
Crazxy 2025 1080p DS4K WEB-DL DDP5.1 x265 - xRG,Crazxy DS4K DDP5 1 - xRG,233,28,261,movies
Becoming Led Zeppelin (2025) 1080p WEBRip 5 1-LAMA,Becoming Led Zeppelin 5 1-LAMA,371,114,485,movies
Black.Bag.2025.1080p.WEBRip.AAC5.1.10bits.x265-Rapta,Black Bag AAC5 1 10bits -Rapta,1140,734,1874,movies
Sikandar 2025 720p HQ Telesync V1 NO WM 2.0 Hindi DIGITAL HC ESUB - PANTHER RIPS,Sikandar HQ NO WM 2 0 Hindi DIGITAL ESUB - PANTHER RIPS,111,37,148,movies
Mickey.17.2025.Hybrid.2160p.WEB-DL.DV.HDR.DDP5.1.Atmos.H265-AOC,Mickey 17 Hybrid DV HDR DDP5 1 Atmos H265-AOC,412,159,571,movies
Superboys of Malegaon (2025) Hindi 720p WEBRip x264 AAC ESub,Superboys of Malegaon Hindi ESub,153,16,169,movies
Captain.America.Brave.New.World.2025.Hybrid.2160p.WEB-DL.DV.HDR.DDP5.1.Atmos.H26...,Captain America Brave New World Hybrid DV HDR DDP5 1 Atmos H26,412,111,523,movies
The Woman in the Yard 2025 1080p AMZN WEB-DL H264-FRANK,The Woman in the Yard AMZN H264-FRANK,377,133,510,movies
A Minecraft Movie [2025] 1080p Workprint x264 AC3 (UKB),A Minecraft Movie Workprint,396,1368,1764,movies
In.The.Lost.Lands.2025.1080p.WEBRip.x264.AAC5.1-LAMA,In The Lost Lands AAC5 1-LAMA,877,129,1006,movies
"Court State vs A Nobody (2025) 720p WEBRip x264 AAC [ Hin, Tel ] ESub",Court State vs A Nobody ESub,174,22,196,movies
Mickey.17.2025.2160p.HDR10Plus.DV.WEBRip.DDP5 1.Atmos.X265.HEVC-PSA,Mickey 17 HDR10Plus DV DDP5 1 Atmos -PSA,786,1165,1951,movies
Mickey 17 2025 4K 2160p UPSC WebRip X265 PANTHER RiPS,Mickey 17 UPSC PANTHER RiPS,332,316,648,movies
Novocaine.2025.1080p.AMZN.WEB-DL.H264.DDP5 1.Atmos-BYNDR,Novocaine AMZN H264 DDP5 1 Atmos-BYNDR,315,25,340,movies
Drop.2025.1080p.WEB-DL.DDP5.1.x265-NeoNoir,Drop DDP5 1 -NeoNoir,1176,937,2113,movies
"L2 Empuraan (2025) 1080p WEBRip x265 AAC [ Hin , Mal ] ESub",L2 Empuraan ESub,311,57,368,movies
Mickey 17 (2025) (1080p AMZN WEB-DL x265 10bit EAC3 5.1 Silence) [QxR],Mickey 17,369,93,462,movies
Fog.Of.War.2025.1080p.WEBRip.x265.10bit.AAC5.1-LAMA,Fog Of War 10bit AAC5 1-LAMA,307,26,333,movies
Freaky Tales 2024 1080p WEB HEVC x265-RMTeam,Freaky Tales WEB -RMTeam,637,519,1156,movies
Opus.2025.1080p.WEB-DL.DDP5.1.x265-NeoNoir,Opus DDP5 1 -NeoNoir,309,133,442,movies
Jewel Thief The Heist Begins 2025 1080p WEB-DL AAC5.1 x265 - xRG,Jewel Thief The Heist Begins AAC5 1 - xRG,293,105,398,movies
Death.Of.A.Unicorn.2025.1080p.Cam.X264.COLLECTiVE,Death Of A Unicorn COLLECTiVE,184,94,278,movies
Novocaine 2025 1080p WEB-DL HEVC x265 5.1 BONE,Novocaine 5 1 BONE,281,58,339,movies
Kaafir (2025) Hin 720p WEBRip x264 AAC ESub,Kaafir Hin ESub,241,17,258,movies
Chhaava (2025) Hindi 720p WEBRip x264 AAC ESub,Chhaava Hindi ESub,128,17,145,movies
"Veera Dheera Sooran Part 2 (2025) 720p WEBRip x264 AAC [ Hin, Tam ] ESub",Veera Dheera Sooran Part 2 ESub,225,53,278,movies
Reign Of Fire 2002 1080p BluRay HEVC x265 5.1 BONE,Reign Of Fire 5 1 BONE,160,23,183,movies
Novocaine.2025.Hybrid.2160p.WEB-DL.DV.HDR.DDP5.1.Atmos.H265-AOC,Novocaine Hybrid DV HDR DDP5 1 Atmos H265-AOC,332,311,643,movies
The.Bayou.2025.1080p.WEBRip.x265.10bit.AAC5.1-[88],The Bayou 10bit AAC5 1,573,55,628,movies
Black.Bag.2025.2160p.WEB-DL.H265.HDR.DDP.5.1-HONE,Black Bag H265 HDR DDP 5 1-HONE,342,402,744,movies
A Working Man 2025 1080p WEB-DL HEVC x265 5.1 BONE,A Working Man 5 1 BONE,275,64,339,movies
The Diplomat 2025 (4K 2160p x265 WEBRIP DD5.1) PANTHER RiPS,The Diplomat PANTHER RiPS,48,50,98,movies
Havoc.2025.1080p.NF.WEB-DL.DDP5.1.H.264-EniaHD,Havoc NF DDP5 1 H 264-EniaHD,622,294,916,movies
The.Accountant.2016.1080p.WEB-RIP.OPEN-MATTE.REMASTERED.HDR10.x265.10Bit.HEVC.En...,The Accountant WEB-RIP OPEN-MATTE HDR10 10Bit En,481,541,1022,movies
Black Bag (2025) (1080p MA WEB-DL x265 10bit EAC3 5.1 Ghost) [QxR],Black Bag,214,24,238,movies
The World Will Tremble (2025) 1080p WEBRip 5 1-LAMA,The World Will Tremble 5 1-LAMA,201,20,221,movies
Lifeline.2025.1080p.WEBRip.x264.AAC5.1-LAMA,Lifeline AAC5 1-LAMA,265,12,277,movies
The.Monkey.2025.1080p.AMZN.WEB-DL.DDP5.1.x265-NeoNoir,The Monkey AMZN DDP5 1 -NeoNoir,157,258,415,movies
Locked 2025 1080p AMZN WEB-DL DDP5.1 H.264-BYNDR,Locked AMZN DDP5 1 H 264-BYNDR,468,65,533,movies
Bangkera 2025 1080p Tagalog WEB-DL HEVC x265 BONE,Bangkera Tagalog BONE,192,12,204,movies
The.Monkey.2025.1080p.AMZN.WEB-DL.DDP5.1.H.264-HONE,The Monkey AMZN DDP5 1 H 264-HONE,379,325,704,movies
"Test (2025) 720p WEBRip x265 AAC [ Hin, Tel ] ESub",Test ESub,131,17,148,movies
Bullet Train Explosion 2025 1080p (DUAL) WEB-DL HEVC x265 5.1 BONE,Bullet Train Explosion 5 1 BONE,423,218,641,movies
Ash 2025 1080p AMZN WEB-DL DDP5.1 H.264-BYNDR,Ash AMZN DDP5 1 H 264-BYNDR,362,53,415,movies
A.Working.Man.2025.1080p.AMZN.WEB-DL.x264-FRANK,A Working Man AMZN -FRANK,252,98,350,movies
Mickey.17.2025.1080p.DS4K.WEB-DL.DDP5.1.x265-NeoNoir,Mickey 17 DS4K DDP5 1 -NeoNoir,367,154,521,movies
Hell.of.a.Summer.2023.1080p.WEB-DL.AAC5.1.x265-NeoNoir,Hell of a Summer AAC5 1 -NeoNoir,298,147,445,movies
FREAKY TALES 2024 1080p AMZN WEB-DL H264-APEX,FREAKY TALES AMZN H264-APEX,437,212,649,movies
"Pravinkoodu Shappu (2025) 720p WEBRip x264 AAC [ Hin, Mal ] ESub",Pravinkoodu Shappu ESub,261,27,288,movies
Shadow Of God (2025) 1080p WEBRip 5 1-LAMA,Shadow Of God 5 1-LAMA,103,7,110,movies
Violet 2025 1080p Tagalog WEB-DL HEVC x265 BONE,Violet Tagalog BONE,103,18,121,movies
A.Working.Man.2025.1080p.AMZN.WEB-DL.DDP5.1.Atmos.H.264-BYNDR,A Working Man AMZN DDP5 1 Atmos H 264-BYNDR,199,41,240,movies
Superboys of Malegaon 2025 1080p DS4K WEB-DL AAC5.1 x265 - xRG,Superboys of Malegaon DS4K AAC5 1 - xRG,164,32,196,movies
Captain.America.Brave.New.World.2025.PROPER.1080p.WEB.h264-ETHEL,Captain America Brave New World PROPER WEB h264-ETHEL,499,149,648,movies
Marching.Powder.2025.1080p.WebRip.Coys-Will1869,Marching Powder Coys-Will1869,265,49,314,movies
In.the.Lost.Lands.2025.2160p.WEB-DL.DDP5.1.SDR.H265-AOC,In the Lost Lands DDP5 1 SDR H265-AOC,258,66,324,movies
Deep Inside Angeli Khang 2025 1080p Tagalog WEB-DL HEVC x265 BONE,Deep Inside Angeli Khang Tagalog BONE,220,32,252,movies
The.Woman.in.the.Yard.2025.1080p.MA.WEB-DL.AAC5.1.x265-NeoNoir,The Woman in the Yard MA AAC5 1 -NeoNoir,193,29,222,movies
Mere Husband Ki Biwi (2025) Hindi 1080p WEBRip x264 DD 5.1 ESub,Mere Husband Ki Biwi Hindi DD 5 1 ESub,73,12,85,movies
G20.2025.1080p.AMZN.WEB-DL.DDP5.1.H.264-FHC.mkv,G20 AMZN DDP5 1 H 264-FHC mkv,132,7,139,movies
Jaat 2025 (2160p x265 HDTS NO ADS AI UPSCALED HINDI AAC 2.0 DIGITAL) PANTHER RIP...,Jaat PANTHER RIP,80,58,138,movies
Warlord 2025 1080p BluRay DD5.1 HEVC x265-RMTeam,Warlord DD5 1 -RMTeam,387,35,422,movies
Captain America Brave New World 2025 1080p AMZN WEB-DL H264-FRANK,Captain America Brave New World AMZN H264-FRANK,250,9,259,movies
The.Last.Supper.2025.1080p.WEB-DL.DDP5.1.x265-NeoNoir,The Last Supper DDP5 1 -NeoNoir,160,15,175,movies
