title,clean_title,seeders,leechers,total_peers,category
Mickey.17.2025.1080p.WebRip.X264.COLLECTiVE,Mickey 17 COLLECTiVE,2266,617,2883,movies
A.Minecraft.Movie.2025.1080p.WORKPRINT.x264.COLLECTiVE,A Minecraft Movie WORKPRINT COLLECTiVE,3055,7098,10153,movies
Black.Bag.2025.1080p.MA.WEB-DL.DDP5.1.x265-NeoNoir,Black Bag MA DDP5 1 -NeoNoir,2131,1915,4046,movies
The.Electric.State.2025.1080p.WEBRip.AAC5.1.10bits.x265-Rapta,The Electric State AAC5 1 10bits -Rapta,845,268,1113,movies
The.Monkey.2025.1080p.WEBRip.x264.AAC-LAMA,The Monkey -LAMA,2126,618,2744,movies
Last.Breath.2025.1080p.WEB-DL.AAC5.1.x265-NeoNoir,Last Breath AAC5 1 -NeoNoir,1533,758,2291,movies
Novocaine.2025.1080p.HDRip.Cropped-NoAds.INT.READ.NFO.x264-AMC,Novocaine Cropped-NoAds INT READ NFO -AMC,1480,2024,3504,movies
A Working Man (2025) 720p WEBRip-LAMA,A Working Man -LAMA,2330,2817,5147,movies
Cleaner 2025 1080p WEB-DL HEVC x265 5.1 BONE,Cleaner 5 1 BONE,1437,260,1697,movies
Bill.Burr.Drop.Dead.Years.2025.1080p.WEB.H264-AccomplishedYak,Bill Burr Drop Dead Years WEB H264-AccomplishedYak,751,106,857,movies
In.the.Lost.Lands.2025.1080p.WEB-DL.DDP5.1.x265-NeoNoir,In the Lost Lands DDP5 1 -NeoNoir,2375,518,2893,movies
Chhava (2025) Hindi 720p HC HDRip x264 AAC,Chhava Hindi,964,181,1145,movies
Batman.Ninja.vs.Yakuza.League.2025.1080p.WEB-DL.AAC5.1.x265-NeoNoir,Batman Ninja vs Yakuza League AAC5 1 -NeoNoir,663,53,716,movies
Sikandar 2025 1080p HQ Telesync V1 NO WM 2.0 Hindi DIGITAL HC ESUB - PANTHER RIP...,Sikandar HQ NO WM 2 0 Hindi DIGITAL ESUB - PANTHER RIP,597,128,725,movies
Deva 2025 1080p WEB-DL AAC5.1 x265 - xRG,Deva AAC5 1 - xRG,328,46,374,movies
Mickey.17.2025.1080p.TELESYNC.x264.AAC.B4ND1T69,Mickey 17 B4ND1T69,805,323,1128,movies
Mickey 17 2025 1080p WEB-DL HEVC x265 5.1 BONE,Mickey 17 5 1 BONE,3150,4036,7186,movies
"Officer on Duty (2025) 720p WEBRip x264 AAC [ Hin, Mal ] ESub",Officer on Duty ESub,640,51,691,movies
Silent.Zone.2025.1080p.WEB-DL.AAC5.1.x265-NeoNoir,Silent Zone AAC5 1 -NeoNoir,508,68,576,movies
Holland.2025.1080p.AMZN.WEB-DL.DDP5.1.H.265-P2PClub,Holland AMZN DDP5 1 H 265-P2PClub,472,168,640,movies
A.Working.Man.2025.1080p.HDRip.Cam.Audio.READNFO.x264.COLLECTiVE,A Working Man Audio READNFO COLLECTiVE,351,303,654,movies
The.Electric.State.2025.1080p.NF.WEB-DL.DDP5.1.H.264-EniaHD,The Electric State NF DDP5 1 H 264-EniaHD,1135,340,1475,movies
A Working Man 2025 1080p HDRip (Cam Audio) HEVC x265-RMTeam,A Working Man -RMTeam,961,661,1622,movies
Black Bag (2025) Eng 1080p WEBRip x265 AAC ESub,Black Bag ESub,381,237,618,movies
Popeye.The.Slayer.Man 2025.1080p.WEB-DL.x264.DD5.1-BobDobbs,Popeye The Slayer Man DD5 1-BobDobbs,635,100,735,movies
Novocaine.2025.1080p.WEB-DL.DDP5.1.x265-NeoNoir,Novocaine DDP5 1 -NeoNoir,1274,564,1838,movies
Riff.Raff.2024.1080p.WEBRip.x264.AAC5.1-LAMA,Riff Raff AAC5 1-LAMA,302,59,361,movies
A.Knights.War.2025.1080p.WEB-DL.AAC5.1.x265-NeoNoir,A Knights War AAC5 1 -NeoNoir,311,29,340,movies
Mickey 17 2025 1080p HDRip HEVC x265-RMTeam,Mickey 17 -RMTeam,1037,1563,2600,movies
High.Rollers.2025.1080p.WEBRip.x264.AAC5.1,High Rollers AAC5 1,580,55,635,movies
Black.Bag.2025.1080p.WEBRip.AAC5.1.10bits.x265-Rapta,Black Bag AAC5 1 10bits -Rapta,1328,1363,2691,movies
Borderline (2025) 1080p WEBRip 5.1-LAMA,Borderline 5 1-LAMA,221,48,269,movies
Black.Bag.2025.1080p.WEBRip.x264.DDP5.1-APEX,Black Bag DDP5 1-APEX,880,414,1294,movies
Deva (2025) Hindi 720p WEBRip x264 AAC ESub,Deva Hindi ESub,160,41,201,movies
Cleaner.2025.1080p.AMZN.WEB-DL.H264-EniaHD,Cleaner AMZN H264-EniaHD,228,69,297,movies
Becoming Led Zeppelin (2025) 1080p WEBRip 5 1-LAMA,Becoming Led Zeppelin 5 1-LAMA,506,142,648,movies
Elevator Lady 2025 1080p Tagalog WEB-DL HEVC x265 BONE,Elevator Lady Tagalog BONE,265,39,304,movies
Sikandar 2025 720p HQ Telesync V1 NO WM 2.0 Hindi DIGITAL HC ESUB - PANTHER RIPS,Sikandar HQ NO WM 2 0 Hindi DIGITAL ESUB - PANTHER RIPS,50,77,127,movies
Mickey 17 2025 4K 2160p UPSC WebRip X265 PANTHER RiPS,Mickey 17 UPSC PANTHER RiPS,465,756,1221,movies
Captain.America.Brave.New.World.2025.iNTERNAL.1080p.10bit.WEBRip.2CH.x265.HEVC-P...,Captain America Brave New World iNTERNAL 10bit 2CH -P,304,54,358,movies
The.Parenting.2025.1080p.WEB-DL.AAC5.1.x265-NeoNoir,The Parenting AAC5 1 -NeoNoir,312,90,402,movies
Snow.White.2025.1080p.Cam.X264.COLLECTiVE,Snow White COLLECTiVE,258,141,399,movies
The Electric State 2025 1080p WEB-DL HEVC x265 5.1 BONE,The Electric State 5 1 BONE,380,182,562,movies
Last.Breath.2025.1080p.AMZN.WEB-DL.DDP5.1.H.264-APEX,Last Breath AMZN DDP5 1 H 264-APEX,228,57,285,movies
Azaad (2025) Hindi 720p WEBRip x264 AAC ESub,Azaad Hindi ESub,137,10,147,movies
"Viduthalai Part 1 (2023) UnCut 720p WEBRip x264 AAC [ Hin, Tam ] ESub",Viduthalai Part 1 UnCut ESub,315,39,354,movies
My.Dead.Friend.Zoe.2025.1080p.MA.WEB-DL.AAC5.1.x265-NeoNoir,My Dead Friend Zoe MA AAC5 1 -NeoNoir,241,43,284,movies
Zakir.Khan.Delulu.Express.2025.1080p.AMZN.WEB-DL.DDP5.1.H.265-REL1VIN,Zakir Khan Delulu Express AMZN DDP5 1 H 265-REL1VIN,67,6,73,movies
Bring.Them.Down.2024.1080p.WEBRip.x264.AAC5.1-LAMA,Bring Them Down AAC5 1-LAMA,311,87,398,movies
Caligula The Ultimate Cut (2023) 1080p WEBRip x265 10bit 5.1-LAMA,Caligula The Ultimate Cut 10bit 5 1-LAMA,169,16,185,movies
A Minecraft Movie [2025] 1080p Workprint x264 AC3 (UKB),A Minecraft Movie Workprint,578,1088,1666,movies
Fog.Of.War.2025.1080p.WEBRip.x265.10bit.AAC5.1-LAMA,Fog Of War 10bit AAC5 1-LAMA,439,46,485,movies
Peter.Pans.Neverland.Nightmare.2025.1080p.WEBRip.x264.AAC5.1-LAMA,Peter Pans Neverland Nightmare AAC5 1-LAMA,367,47,414,movies
In.The.Lost.Lands.2025.1080p.WEBRip.x264.AAC5.1-LAMA,In The Lost Lands AAC5 1-LAMA,1489,328,1817,movies
Dragon (2025) 720p WEBRip x265 AAC [ Hin Mal ] ESub,Dragon ESub,127,24,151,movies
Arouse 2025 1080p Tagalog WEB-DL HEVC x265 BONE,Arouse Tagalog BONE,245,18,263,movies
Opus.2025.1080p.WEB-DL.DDP5.1.x265-NeoNoir,Opus DDP5 1 -NeoNoir,360,186,546,movies
Sex-Positive.2024.1080p.BluRay.AV1.Opus.5.1-SWAXXON,Sex-Positive AV1 Opus 5 1-SWAXXON,70,9,79,movies
"Viduthalai Part 2 (2024) 720p WEBRip x264 AAC [ Hin, Tam ] ESub",Viduthalai Part 2 ESub,97,5,102,movies
Last.Breath.2025.1080p.WEBRip.x264.AAC5.1,Last Breath AAC5 1,467,311,778,movies
The.Assessment.2024.1080p.WEB-DL.DDP5.1.x265-NeoNoir,The Assessment DDP5 1 -NeoNoir,867,244,1111,movies
The.8th.Day.2025.1080p.WEBRip.x264.AAC5.1,The 8th Day AAC5 1,181,12,193,movies
Emergency (2025) Hindi 720p WEBRip x264 AAC ESub,Emergency Hindi ESub,94,7,101,movies
Malagkit 2025 1080p Tagalog WEB-DL HEVC x265 BONE,Malagkit Tagalog BONE,164,17,181,movies
I'm Still Here (2024) (1080p AMZN WEB-DL x265 10bit EAC3 5.1 Portuguese Silence)...,I'm Still Here,238,166,404,movies
Bill.Burr.Drop.Dead.Years.2025.1080p.WEBRip.x265-DH,Bill Burr Drop Dead Years -DH,177,8,185,movies
The.Rule.Of.Jenny.Pen.2024.1080p.WEBRip.x264.AAC5.1-LAMA,The Rule Of Jenny Pen AAC5 1-LAMA,304,139,443,movies
Kaafir (2025) Hin 720p WEBRip x264 AAC ESub,Kaafir Hin ESub,188,21,209,movies
Distant.2024.1080p.WEBRip.x264.AAC5.1,Distant AAC5 1,195,21,216,movies
The.Monkey.2025.1080p.AMZN.WEB-DL.DDP5.1.x265-NeoNoir,The Monkey AMZN DDP5 1 -NeoNoir,261,230,491,movies
The Gorge (2025) (1080p ATVP WEB-DL x265 10bit EAC3 Atmos 5.1 Ghost) [QxR],The Gorge,180,15,195,movies
Renner 2025 1080p WEB-DL HEVC x265 5.1 BONE,Renner 5 1 BONE,179,8,187,movies
Death.Of.A.Unicorn.2025.1080p.Cam.X264.COLLECTiVE,Death Of A Unicorn COLLECTiVE,309,240,549,movies
Control.Freak.2025.1080p.WEB-DL.DDP5.1.x265-NeoNoir,Control Freak DDP5 1 -NeoNoir,174,24,198,movies
Rich.Flu.2024.720p.AMZN.WEB-DL.DDP5.1.H.264-WELP,Rich Flu AMZN DDP5 1 H 264-WELP,113,7,120,movies
The Pursuit of Lust 4 2025 1080p Mongolian WEB-DL HEVC x265 BONE,The Pursuit of Lust 4 Mongolian BONE,114,11,125,movies
Mickey.17.2025.Hybrid.2160p.WEB-DL.DV.HDR.DDP5.1.Atmos.H265-AOC,Mickey 17 Hybrid DV HDR DDP5 1 Atmos H265-AOC,593,367,960,movies
Presence.2024.1080p.WEBRip.x264.AAC5.1-LAMA,Presence AAC5 1-LAMA,232,122,354,movies
The World Will Tremble (2025) 1080p WEBRip 5 1-LAMA,The World Will Tremble 5 1-LAMA,447,77,524,movies
Be Happy (2025) Hindi 720p WEBRip x264 AAC ESub,Be Happy Hindi ESub,74,8,82,movies
Black.Bag.2025.2160p.WEB-DL.H265.HDR.DDP.5.1-HONE,Black Bag H265 HDR DDP 5 1-HONE,391,574,965,movies
"Aghathiyaa (2025) 720p WEBRip x265 AAC [ Hin , Tel ] ESub",Aghathiyaa ESub,110,13,123,movies
The.Monkey.2025.1080p.AMZN.WEB-DL.DDP5.1.H.264-HONE,The Monkey AMZN DDP5 1 H 264-HONE,524,436,960,movies
"Test (2025) 720p WEBRip x265 AAC [ Hin, Tel ] ESub",Test ESub,147,31,178,movies
Love.Hurts.2025.1080p.BluRay.x264.AAC5.1-LAMA,Love Hurts AAC5 1-LAMA,232,18,250,movies
Rekhachithram (2025) Hindi DS4K (1080p WEBRip AV1 10bit DD 5.1 ESub) - [Musafirb...,Rekhachithram Hindi DS4K - [Musafirb,49,13,62,movies
Black Bag (2025) (1080p MA WEB-DL x265 10bit EAC3 5.1 Ghost) [QxR],Black Bag,265,61,326,movies
Mickey.17.2025.1080p.DS4K.WEB-DL.DDP5.1.x265-NeoNoir,Mickey 17 DS4K DDP5 1 -NeoNoir,554,278,832,movies
Habal 2025 1080p Tagalog WEB-DL HEVC x265 BONE,Habal Tagalog BONE,133,16,149,movies
Die.Alone.2024.1080p.BluRay.x264.AAC5.1,Die Alone AAC5 1,149,15,164,movies
Turn.Me.On.2024.1080p.WEB-DL.DDP5.1.x265-NeoNoir,Turn Me On DDP5 1 -NeoNoir,88,9,97,movies
Novocaine 2025 1080p WEB-DL HEVC x265 5.1 BONE,Novocaine 5 1 BONE,435,135,570,movies
Revelations 2025 1080p (DUAL) WEB-DL HEVC x265 5.1 BONE,Revelations 5 1 BONE,175,148,323,movies
High.Ground.2025.1080p.WEBRip.x264.AAC5.1-LAMA,High Ground AAC5 1-LAMA,161,26,187,movies
China and Sex [1994 - Italy] erotic drama,China and Sex erotic drama,68,29,97,movies
Mickey.17.2025.2160p.HDR10Plus.DV.WEBRip.DDP5 1.Atmos.X265.HEVC-PSA,Mickey 17 HDR10Plus DV DDP5 1 Atmos -PSA,737,924,1661,movies
McVeigh 2024 1080p WEB-DL HEVC x265-RMTeam,McVeigh -RMTeam,121,11,132,movies
Alexander.And.The.Terrible.Horrible.No.Good.Very.Bad.Road.Trip.2025.1080p.WEBRip...,Alexander And The Terrible Horrible No Good Very Bad Road Trip,152,14,166,movies
Agent (2023) 720p WEBRip AV1 Hindi Multi AAC ESub.,Agent AV1 Hindi ESub,94,9,103,movies
Delusyon 2025 1080p Tagalog WEB-DL HEVC x265 BONE,Delusyon Tagalog BONE,99,16,115,movies
