title,clean_title,seeders,leechers,total_peers,category
Ballerina.2025.1080p.WEB-DL.DDP5.1.x265-NeoNoir,Ballerina DDP5 1 -NeoNoir,4950,2719,7669,movies
Thunderbolts.2025.Proper.1080p.WEB-DL.DDP5.1.x265-NeoNoir,Thunderbolts Proper DDP5 1 -NeoNoir,3488,1233,4721,movies
Karate Kid Legends 2025 1080p WEB-DL HEVC x265 5.1 BONE,Karate Kid Legends 5 1 BONE,2703,1000,3703,movies
Heads.of.State.2025.1080p.WEB-DL.DDP5.1.x265-NeoNoir,Heads of State DDP5 1 -NeoNoir,2096,1131,3227,movies
The.Phoenician.Scheme.2025.1080p.WEB-DL.DDP5.1.x265-NeoNoir,The Phoenician Scheme DDP5 1 -NeoNoir,1694,671,2365,movies
The.Old.Guard.2.2025.1080p.WEB-DL.DDP5.1.x265-NeoNoir,The Old Guard 2 DDP5 1 -NeoNoir,1202,385,1587,movies
Bring.Her.Back.2025.1080p.WEB-DL.DDP5.1.x265-NeoNoir,Bring Her Back DDP5 1 -NeoNoir,1166,953,2119,movies
The Unholy Trinity 2025 1080p WEB-DL HEVC x265 5.1 BONE,The Unholy Trinity 5 1 BONE,2287,328,2615,movies
Ice Road Vengeance (2025) Eng 1080p WEBRip x265 AAC ESub,Ice Road Vengeance ESub,622,136,758,movies
Thunderbolts 2025 2160p AMZN WEB-DL DDP5.1 HDR HEVC-TBMovies,Thunderbolts AMZN DDP5 1 HDR -TBMovies,949,1427,2376,movies
KPop.Demon.Hunters.2025.1080p.WEB.H264-EDITH,KPop Demon Hunters WEB H264-EDITH,653,145,798,movies
Detective Sherdil (2025) Hin 1080p WEBRip x265 DD 5.1 ESub,Detective Sherdil Hin DD 5 1 ESub,621,55,676,movies
Raid 2 (2025) Hindi 1080p WEBRip x265 DD 5.1 ESub,Raid 2 Hindi DD 5 1 ESub,365,67,432,movies
Final Destination Bloodlines 2025 1080p PROPER WEB-DL HEVC x265 5.1 BONE,Final Destination Bloodlines PROPER 5 1 BONE,1539,161,1700,movies
Sister Midnight (2024) Hin 1080p WEBRip x264 DD 5.1 ESub,Sister Midnight Hin DD 5 1 ESub,482,40,522,movies
"Kuberaa (2025) 720p HDRip x265 [ Hin, Tel ] AAC",Kuberaa,564,73,637,movies
The.Old.Guard.2.2025.1080p.NF.WEB-DL.DDP5.1.H.264-EniaHD,The Old Guard 2 NF DDP5 1 H 264-EniaHD,884,312,1196,movies
Ballerina.2025.2160p.iT.WEB-DL.DDP5.1.Atmos.DV.HDR.H.265-BYNDR,Ballerina iT DDP5 1 Atmos DV HDR H 265-BYNDR,731,85,816,movies
Final Destination Bloodlines 2025 1080p AMZN WEB-DL DDP5.1 H.265-TBMovies,Final Destination Bloodlines AMZN DDP5 1 H 265-TBMovies,331,71,402,movies
The.Ritual.2025.1080p.WEB-DL.DDP5.1.x265-NeoNoir,The Ritual DDP5 1 -NeoNoir,533,72,605,movies
Kaalidhar Laapata (2025) Hindi 1080p WEBRip x265  DD 5.1 ESub,Kaalidhar Laapata Hindi DD 5 1 ESub,373,27,400,movies
Eden 2024 1080p WEB-DL HEVC x265 5.1 BONE,Eden 5 1 BONE,1589,1359,2948,movies
Ballerina (2025) (1080p AMZN WEB-DL x265 10bit EAC3 Atmos 5.1 Ghost) [QxR],Ballerina,521,92,613,movies
Housefull.5A.2025.720p.10bit.WEBRip.Hindi.DDP5.1.x265.HEVC-Ospreay,Housefull 5A 10bit Hindi DDP5 1 -Ospreay,520,108,628,movies
Guns Up 2025 1080p WEB-DL HEVC x265 5.1 BONE,Guns Up 5 1 BONE,515,59,574,movies
Spaceballs 1987 REMASTERED 1080p BluRay HEVC x265 5.1 BONE,Spaceballs 5 1 BONE,630,227,857,movies
Sovereign 2025 1080p WEB-DL HEVC x265 5.1 BONE,Sovereign 5 1 BONE,1325,185,1510,movies
Brick.2025.1080p.NF.WEB-DL.DUAL.DDP5.1.H.265-PrimeFix,Brick NF DUAL DDP5 1 H 265-PrimeFix,868,589,1457,movies
From the World of John Wick - Ballerina (2025) Eng 1080p WEBRip x264 AAC ESub,From the World of John Wick - Ballerina ESub,308,92,400,movies
Dora and the Search for Sol Dorado 2025 1080p WEB-DL HEVC x265 5.1 BONE,Dora and the Search for Sol Dorado 5 1 BONE,638,53,691,movies
Thunderbolts 2025 WEB-DL 2160p HDR10+ DV HEVC DDP Atmos 5.1 x265-E,Thunderbolts HDR10,265,152,417,movies
Thunderbolts 2025 1080p WEB-DL HEVC x265 5.1 BONE,Thunderbolts 5 1 BONE,588,250,838,movies
Ballerina.From.the.World.of.John.Wick.2025.1080p.WEBRip.AAC5.1.10bits.x265-Rapta,Ballerina From the World of John Wick AAC5 1 10bits -Rapta,898,754,1652,movies
Off The Grid 2025 1080p WEB-DL HEVC x265 5.1 BONE,Off The Grid 5 1 BONE,486,34,520,movies
"28 Days And Weeks Later 2002,2007 1080p BluRay HEVC x265 5.1 BONE","28 Days And Weeks Later , 5 1 BONE",343,319,662,movies
The Old Guard 2 (2025) 1080p WEBRip x265 DD 5.1 ESub,The Old Guard 2 DD 5 1 ESub,174,31,205,movies
Thunderbolts (2025) (1080p MA WEB-DL x265 10bit EAC3 5.1 Silence) [QxR],Thunderbolts,468,35,503,movies
Pune.Highway.2025.1080p.10bit.AMZN.WEBRip.Hindi.DDP2.0.x265.HEVC-Ospreay,Pune Highway 10bit AMZN Hindi DDP2 0 -Ospreay,229,26,255,movies
Heads of State (2025) 1080p WEBRip x265 DD 5.1 ESub,Heads of State DD 5 1 ESub,162,48,210,movies
Tornado.2025.1080p.WEB-DL.DDP5.1.x265-NeoNoir,Tornado DDP5 1 -NeoNoir,297,47,344,movies
"Thug Life (2025) 1080p HC HDRip x265  [ Cam Hin, Tam ] AAC",Thug Life,255,34,289,movies
EuroTrip 2004 UNRATED 1080p BluRay HEVC x265 5.1 BONE,EuroTrip 5 1 BONE,299,63,362,movies
Housefull 5 (2025) Hindi 720p WEBRip x265 AAC,Housefull 5 Hindi,337,47,384,movies
Ballerina 2025 2160p AMZN WEB-DL DDP5.1 Atmos HDR H.265-TBMovies,Ballerina AMZN DDP5 1 Atmos HDR H 265-TBMovies,216,282,498,movies
Final Destination Bloodlines (2025) AMZN 1080p WEBRip x265 DD 5.1 Hin Multi ESub,Final Destination Bloodlines AMZN DD 5 1 Hin ESub,255,26,281,movies
Sex On Phone 2025 1080p Tagalog WEB-DL HEVC x265 BONE,Sex On Phone Tagalog BONE,246,29,275,movies
Housefull 5B (2025) 1080p WEB-DL Hindi DD5.1 x264-themoviesboss,Housefull 5B Hindi DD5 1 -themoviesboss,219,174,393,movies
Slutty the Clown (2021) 720p BluRay x264,Slutty the Clown,112,31,143,movies
"Ace (2025) 1080p WEBRip x265 AAC  [ Hin, Tam ]  Esub",Ace Esub,124,18,142,movies
Unsatisfied - Full Time Females [1972 - France] (ENG) erotic thriller,Unsatisfied - Full Time Females erotic thriller,142,22,164,movies
Marshmallow 2025 1080p WEB-DL HEVC x265 5.1 BONE,Marshmallow 5 1 BONE,293,107,400,movies
Karate.Kid.Legends.2025.WEBDL.1080p.EAC3.5.1.x264,Karate Kid Legends WEBDL EAC3 5 1,435,110,545,movies
Thunderbolts.2025.1080p.AMZN.WEB-DL.DDP5.1.H.264-KyoGo,Thunderbolts AMZN DDP5 1 H 264-KyoGo,116,29,145,movies
Housefull 5B (2025) 720p 10bit DCP WEBRip x265 HEVC Hindi DDP 5.1 - BunnyJMB,Housefull 5B 10bit DCP Hindi DDP 5 1 - BunnyJMB,419,69,488,movies
American Pie Collection 1-9 1999-2020 UNRATED 1080p BluRay HEVC x265 5.1 BONE,American Pie Collection 1-9 - 5 1 BONE,201,119,320,movies
"Sex, Party & Lies (2009) UNRATED 720p BluRay x264 Eng Subs [Dual Audio] [Hindi D...","Sex, Party & Lies Subs [Hindi D",62,18,80,movies
From the World of John Wick Ballerina (2025) 1080p x264 (DD+5.1 ATMOS 768Kbps & ...,From the World of John Wick Ballerina (DD,260,110,370,movies
Everythings Going to be Great 2025 1080p WEB-DL HEVC x265 5.1 BONE,Everythings Going to be Great 5 1 BONE,434,52,486,movies
Thunderbolts.2025.1080p.WEBRip.AAC5.1.10bits.x265-Rapta,Thunderbolts AAC5 1 10bits -Rapta,228,67,295,movies
The Hitchhikers Guide to the Galaxy 2005 1080p BluRay HEVC x265 5.1 BONE,The Hitchhikers Guide to the Galaxy 5 1 BONE,210,26,236,movies
The Old Guard 2 2025 1080p WEB-DL HEVC x265-RMTeam,The Old Guard 2 -RMTeam,482,327,809,movies
Heads of State 2025 1080p WEB-DL HEVC x265-RMTeam,Heads of State -RMTeam,567,767,1334,movies
Lilo and Stitch [2025] 1080p HDCAM x264 AC3 (UKB),Lilo and Stitch HDCAM,111,23,134,movies
Bayo 2025 1080p Tagalog WEB-DL HEVC x265 BONE,Bayo Tagalog BONE,232,21,253,movies
The Last Rodeo 2025 1080p WEB-DL HEVC x265 5.1 BONE,The Last Rodeo 5 1 BONE,250,144,394,movies
Housefull.5A.2025.1080p.10bit.WEBRip.Hindi.DD5.1.x265.HEVC-Ospreay,Housefull 5A 10bit Hindi DD5 1 -Ospreay,230,93,323,movies
Bring Her Back (2025) (1080p AMZN WEB-DL x265 10bit EAC3 Atmos 5.1 Ghost) [QxR],Bring Her Back,317,74,391,movies
Aap.Jaisa.Koi.2025.1080p.NF.WEB-DL.DDP5.1.Atmos.H.265-Ospreay,Aap Jaisa Koi NF DDP5 1 Atmos H 265-Ospreay,258,72,330,movies
Squid Game Season 3 ~ [Ep 1 to 6] ~ 2025 ~ 720p ~ 10Bit ~ HEVC ~ WEB-DL~ Hindi ~...,Squid Game Season 3 ~ ~ ~ ~ 10Bit ~ ~ ~ Hindi ~,190,100,290,movies
Final.Destination.Bloodlines.2025.1080p.WEB-DL.DDP5.1.H264-AOC,Final Destination Bloodlines DDP5 1 H264-AOC,140,47,187,movies
The Assessment (2025) (1080p AMZN WEB-DL x265 10bit EAC3 5.1 Ghost) [QxR],The Assessment,130,22,152,movies
"Robinhood (2025)  720p WEBRip x265 AAC [ Hin, Tel ] ESub",Robinhood ESub,166,16,182,movies
The Amateur (2025) (1080p MA WEB-DL x265 10bit EAC3 Atmos 5.1 Ghost) [QxR],The Amateur,238,11,249,movies
Final Destination Bloodlines (2025) (2160p iT WEB-DL Hybrid H265 DV HDR10+ DDP A...,Final Destination Bloodlines ( iT Hybrid H265 DV HDR10,190,219,409,movies
Fear.Below.2025.1080p.BluRay.x265.10bit.AAC5.1-LAMA,Fear Below 10bit AAC5 1-LAMA,138,13,151,movies
Friendship.2025.1080p.h264.AMZN.WEB-DL-widows,Friendship h264 AMZN -widows,407,51,458,movies
Thunderbolts.A.K.A.The.New.Avengers.2025.2160p.HDR10Plus.DV.WEBRip.6CH.x265.HEVC...,Thunderbolts A K A The New Avengers HDR10Plus DV 6CH,280,412,692,movies
Saaree.2025.1080p.10bit.AMZN.WEBRip.Hindi-Telugu.DDP2.0.x265.HEVC-Ospreay,Saaree 10bit AMZN Hindi-Telugu DDP2 0 -Ospreay,161,16,177,movies
Holy.Night.Demon.Hunters.(2025).1080p.WEBRip.H264.AAC,Holy Night Demon Hunters H264,154,25,179,movies
Almost Cops 2025 1080p (DUAL) WEB-DL HEVC x265 5.1 BONE,Almost Cops 5 1 BONE,473,151,624,movies
Annie - The Virgin of Saint Tropez [1975 - France] (ENG) erotic drama,Annie - The Virgin of Saint Tropez erotic drama,120,24,144,movies
Aap Jaisa Koi (2025) Hindi 720p WEBRip x264 AAC ESub,Aap Jaisa Koi Hindi ESub,75,30,105,movies
Thug Life (2025) 720p 10bit NF WEBRip x265 HEVC Hindi AAC 5.1 ESub - Immortal,Thug Life 10bit NF Hindi 5 1 ESub - Immortal,73,10,83,movies
"Cleaner (2025) 1080p WEBRip x264 AAC [ Hin, Eng ] ESub",Cleaner ESub,138,7,145,movies
Sipsipan 2025 1080p Tagalog WEB-DL HEVC x265 5.1 BONE,Sipsipan Tagalog 5 1 BONE,252,23,275,movies
Kaiju.No.8.Mission.Recon.2025.1080p.CR.WEBRip.Dual.Audio.x265-Rapta,Kaiju No 8 Mission Recon CR Dual Audio -Rapta,416,142,558,movies
Karate.Kid.Legends.2025.1080p.WEB-DL.DDP5.1.x265-NeoNoir,Karate Kid Legends DDP5 1 -NeoNoir,218,116,334,movies
Pretty.Thing.2025.1080p.WEBRip.x264.AAC5.1,Pretty Thing AAC5 1,180,10,190,movies
Ice.Road.Vengeance.2025.1080p.WEB-DL.DDP5.1.x265-NeoNoir,Ice Road Vengeance DDP5 1 -NeoNoir,251,281,532,movies
Ice Road Vengeance 2025 1080p WEB-DL HEVC x265 5.1 BONE,Ice Road Vengeance 5 1 BONE,923,599,1522,movies
Housefull 5A (2025) 1080p WEB-DL Hindi DD5.1 x264-themoviesboss,Housefull 5A Hindi DD5 1 -themoviesboss,172,77,249,movies
The Phoenician Scheme 2025 1080p WEB-DL HEVC x265 5.1 BONE,The Phoenician Scheme 5 1 BONE,378,146,524,movies
Thunderbolts.2025.Hybrid.2160p.WEB-DL.DV.HDR.DDP5.1.Atmos.H265-AOC,Thunderbolts Hybrid DV HDR DDP5 1 Atmos H265-AOC,177,57,234,movies
Old School 2003 UNRATED 1080p BluRay HEVC x265 5.1 BONE,Old School 5 1 BONE,136,31,167,movies
From the World of John Wick Ballerina 2025 1080p WEB-DL HEVC x265 5.1 BONE,From the World of John Wick Ballerina 5 1 BONE,258,89,347,movies
From.The.World.Of.John.Wick.Ballerina.2025.4K.(2160p).AMZN.HDR10.AV1.10Bit.(Eng ...,From The World Of John Wick Ballerina AMZN HDR10 AV1 10Bit (,228,955,1183,movies
Karate Kid  Legends (2025) 1080p WEBRip x264 DD 5.1  ESub,Karate Kid Legends DD 5 1 ESub,120,50,170,movies
Raid.2.2025.1080p.10bit.DS4K.NF.WEBRip.Hindi.DDP5.1.x265.HEVC-Ospreay,Raid 2 10bit DS4K NF Hindi DDP5 1 -Ospreay,109,10,119,movies
Narivetta (2025) 720p 10bit DS4K SL WEBRip x265 HEVC [Hindi DDP 5.1 + Malayalam ...,Narivetta 10bit DS4K SL [Hindi DDP 5 1,183,50,233,movies
The.Unholy.Trinity.2025.1080p.WEB-DL.DDP5.1.x265-NeoNoir,The Unholy Trinity DDP5 1 -NeoNoir,227,27,254,movies
