title,clean_title,seeders,leechers,total_peers,category
Mickey.17.2025.1080p.WebRip.X264.COLLECTiVE,Mickey 17 COLLECTiVE,2063,2290,4353,movies
A.Minecraft.Movie.2025.1080p.WORKPRINT.x264.COLLECTiVE,A Minecraft Movie WORKPRINT COLLECTiVE,2745,2669,5414,movies
Black.Bag.2025.1080p.MA.WEB-DL.DDP5.1.x265-NeoNoir,Black Bag MA DDP5 1 -NeoNoir,2087,2613,4700,movies
The.Monkey.2025.1080p.WEBRip.x264.AAC-LAMA,The Monkey -LAMA,2126,618,2744,movies
The.Electric.State.2025.1080p.WEBRip.AAC5.1.10bits.x265-Rapta,The Electric State AAC5 1 10bits -Rapta,845,268,1113,movies
Last.Breath.2025.1080p.WEB-DL.AAC5.1.x265-NeoNoir,Last Breath AAC5 1 -NeoNoir,1533,758,2291,movies
In.the.Lost.Lands.2025.1080p.WEB-DL.DDP5.1.x265-NeoNoir,In the Lost Lands DDP5 1 -NeoNoir,2148,1013,3161,movies
A Working Man (2025) 720p WEBRip-LAMA,A Working Man -LAMA,2179,3758,5937,movies
Novocaine.2025.1080p.HDRip.Cropped-NoAds.INT.READ.NFO.x264-AMC,Novocaine Cropped-NoAds INT READ NFO -AMC,1480,2024,3504,movies
Cleaner 2025 1080p WEB-DL HEVC x265 5.1 BONE,Cleaner 5 1 BONE,1437,260,1697,movies
Bill.Burr.Drop.Dead.Years.2025.1080p.WEB.H264-AccomplishedYak,Bill Burr Drop Dead Years WEB H264-AccomplishedYak,751,106,857,movies
Sikandar 2025 1080p HQ Telesync V1 NO WM 2.0 Hindi DIGITAL HC ESUB - PANTHER RIP...,Sikandar HQ NO WM 2 0 Hindi DIGITAL ESUB - PANTHER RIP,260,98,358,movies
Mickey 17 2025 1080p WEB-DL HEVC x265 5.1 BONE,Mickey 17 5 1 BONE,3781,4056,7837,movies
Batman.Ninja.vs.Yakuza.League.2025.1080p.WEB-DL.AAC5.1.x265-NeoNoir,Batman Ninja vs Yakuza League AAC5 1 -NeoNoir,663,53,716,movies
Novocaine.2025.1080p.WEB-DL.DDP5.1.x265-NeoNoir,Novocaine DDP5 1 -NeoNoir,1637,1002,2639,movies
Deva 2025 1080p WEB-DL AAC5.1 x265 - xRG,Deva AAC5 1 - xRG,293,39,332,movies
"Officer on Duty (2025) 720p WEBRip x264 AAC [ Hin, Mal ] ESub",Officer on Duty ESub,640,51,691,movies
The Alto Knights 2025 1080p WEB-DL HEVC x265 5.1 BONE,The Alto Knights 5 1 BONE,1923,766,2689,movies
Holland.2025.1080p.AMZN.WEB-DL.DDP5.1.H.265-P2PClub,Holland AMZN DDP5 1 H 265-P2PClub,471,167,638,movies
A.Working.Man.2025.1080p.HDRip.Cam.Audio.READNFO.x264.COLLECTiVE,A Working Man Audio READNFO COLLECTiVE,334,224,558,movies
G20.2025.1080p.DS4K.WEB-DL.DDP5.1.x265-NeoNoir,G20 DS4K DDP5 1 -NeoNoir,1218,622,1840,movies
A Working Man 2025 1080p HDRip (Cam Audio) HEVC x265-RMTeam,A Working Man -RMTeam,807,878,1685,movies
The.Electric.State.2025.1080p.NF.WEB-DL.DDP5.1.H.264-EniaHD,The Electric State NF DDP5 1 H 264-EniaHD,1135,340,1475,movies
Black Bag (2025) Eng 1080p WEBRip x265 AAC ESub,Black Bag ESub,283,289,572,movies
The.Assessment.2024.1080p.WEB-DL.DDP5.1.x265-NeoNoir,The Assessment DDP5 1 -NeoNoir,842,185,1027,movies
Popeye.The.Slayer.Man 2025.1080p.WEB-DL.x264.DD5.1-BobDobbs,Popeye The Slayer Man DD5 1-BobDobbs,635,100,735,movies
Mickey 17 2025 1080p HDRip HEVC x265-RMTeam,Mickey 17 -RMTeam,954,1162,2116,movies
Riff.Raff.2024.1080p.WEBRip.x264.AAC5.1-LAMA,Riff Raff AAC5 1-LAMA,302,59,361,movies
A.Minecraft.Movie.2025.1080p.TeleSync.Brighter.Version.X264.COLLECTiVE,A Minecraft Movie Brighter Version COLLECTiVE,944,435,1379,movies
A.Knights.War.2025.1080p.WEB-DL.AAC5.1.x265-NeoNoir,A Knights War AAC5 1 -NeoNoir,311,29,340,movies
Gunslingers.2025.1080p.WEBRip.x264.AAC5.1-LAMA,Gunslingers AAC5 1-LAMA,1367,371,1738,movies
Black.Bag.2025.1080p.WEBRip.AAC5.1.10bits.x265-Rapta,Black Bag AAC5 1 10bits -Rapta,1250,1562,2812,movies
High.Rollers.2025.1080p.WEBRip.x264.AAC5.1,High Rollers AAC5 1,580,55,635,movies
Black.Bag.2025.1080p.WEBRip.x264.DDP5.1-APEX,Black Bag DDP5 1-APEX,927,648,1575,movies
Deva (2025) Hindi 720p WEBRip x264 AAC ESub,Deva Hindi ESub,324,46,370,movies
Becoming Led Zeppelin (2025) 1080p WEBRip 5 1-LAMA,Becoming Led Zeppelin 5 1-LAMA,449,169,618,movies
Borderline (2025) 1080p WEBRip 5.1-LAMA,Borderline 5 1-LAMA,221,48,269,movies
Sikandar 2025 720p HQ Telesync V1 NO WM 2.0 Hindi DIGITAL HC ESUB - PANTHER RIPS,Sikandar HQ NO WM 2 0 Hindi DIGITAL ESUB - PANTHER RIPS,63,39,102,movies
Cleaner.2025.1080p.AMZN.WEB-DL.H264-EniaHD,Cleaner AMZN H264-EniaHD,228,69,297,movies
Chhaava 2025 1080p DS4K WEB-DL DDP5.1 x265 - xRG,Chhaava DS4K DDP5 1 - xRG,389,110,499,movies
Mickey 17 2025 4K 2160p UPSC WebRip X265 PANTHER RiPS,Mickey 17 UPSC PANTHER RiPS,385,608,993,movies
Chhorii 2 (2025) Hindi 720p WEBRip x264 AAC ESub,Chhorii 2 Hindi ESub,381,57,438,movies
Home.Sweet.Home.Rebirth.2025.1080p.WEBRip.x264.AAC5.1-LAMA,Home Sweet Home Rebirth AAC5 1-LAMA,1102,187,1289,movies
Snow.White.2025.1080p.Cam.X264.COLLECTiVE,Snow White COLLECTiVE,281,113,394,movies
A Minecraft Movie [2025] 1080p Workprint x264 AC3 (UKB),A Minecraft Movie Workprint,458,945,1403,movies
In.The.Lost.Lands.2025.1080p.WEBRip.x264.AAC5.1-LAMA,In The Lost Lands AAC5 1-LAMA,1265,554,1819,movies
Zakir.Khan.Delulu.Express.2025.1080p.AMZN.WEB-DL.DDP5.1.H.265-REL1VIN,Zakir Khan Delulu Express AMZN DDP5 1 H 265-REL1VIN,45,7,52,movies
Azaad (2025) Hindi 720p WEBRip x264 AAC ESub,Azaad Hindi ESub,137,10,147,movies
"Viduthalai Part 1 (2023) UnCut 720p WEBRip x264 AAC [ Hin, Tam ] ESub",Viduthalai Part 1 UnCut ESub,315,39,354,movies
The Electric State 2025 1080p WEB-DL HEVC x265 5.1 BONE,The Electric State 5 1 BONE,380,182,562,movies
Last.Breath.2025.1080p.AMZN.WEB-DL.DDP5.1.H.264-APEX,Last Breath AMZN DDP5 1 H 264-APEX,228,57,285,movies
Mickey.17.2025.Hybrid.2160p.WEB-DL.DV.HDR.DDP5.1.Atmos.H265-AOC,Mickey 17 Hybrid DV HDR DDP5 1 Atmos H265-AOC,590,325,915,movies
My.Dead.Friend.Zoe.2025.1080p.MA.WEB-DL.AAC5.1.x265-NeoNoir,My Dead Friend Zoe MA AAC5 1 -NeoNoir,241,43,284,movies
Bring.Them.Down.2024.1080p.WEBRip.x264.AAC5.1-LAMA,Bring Them Down AAC5 1-LAMA,329,94,423,movies
Fog.Of.War.2025.1080p.WEBRip.x265.10bit.AAC5.1-LAMA,Fog Of War 10bit AAC5 1-LAMA,334,24,358,movies
Caligula The Ultimate Cut (2023) 1080p WEBRip x265 10bit 5.1-LAMA,Caligula The Ultimate Cut 10bit 5 1-LAMA,169,16,185,movies
Peter.Pans.Neverland.Nightmare.2025.1080p.WEBRip.x264.AAC5.1-LAMA,Peter Pans Neverland Nightmare AAC5 1-LAMA,384,33,417,movies
Dragon (2025) 720p WEBRip x265 AAC [ Hin Mal ] ESub,Dragon ESub,127,24,151,movies
Arouse 2025 1080p Tagalog WEB-DL HEVC x265 BONE,Arouse Tagalog BONE,245,18,263,movies
Opus.2025.1080p.WEB-DL.DDP5.1.x265-NeoNoir,Opus DDP5 1 -NeoNoir,328,198,526,movies
Superboys of Malegaon (2025) Hindi 720p WEBRip x264 AAC ESub,Superboys of Malegaon Hindi ESub,270,38,308,movies
Crazxy 2025 1080p DS4K WEB-DL DDP5.1 x265 - xRG,Crazxy DS4K DDP5 1 - xRG,325,64,389,movies
Sex-Positive.2024.1080p.BluRay.AV1.Opus.5.1-SWAXXON,Sex-Positive AV1 Opus 5 1-SWAXXON,73,21,94,movies
Novocaine.2025.1080p.AMZN.WEB-DL.H264.DDP5 1.Atmos-BYNDR,Novocaine AMZN H264 DDP5 1 Atmos-BYNDR,521,96,617,movies
"Viduthalai Part 2 (2024) 720p WEBRip x264 AAC [ Hin, Tam ] ESub",Viduthalai Part 2 ESub,219,37,256,movies
Last.Breath.2025.1080p.WEBRip.x264.AAC5.1,Last Breath AAC5 1,467,311,778,movies
Kaafir (2025) Hin 720p WEBRip x264 AAC ESub,Kaafir Hin ESub,136,18,154,movies
Novocaine 2025 1080p WEB-DL HEVC x265 5.1 BONE,Novocaine 5 1 BONE,368,162,530,movies
Emergency (2025) Hindi 720p WEBRip x264 AAC ESub,Emergency Hindi ESub,94,7,101,movies
The.8th.Day.2025.1080p.WEBRip.x264.AAC5.1,The 8th Day AAC5 1,181,12,193,movies
Mickey.17.2025.2160p.HDR10Plus.DV.WEBRip.DDP5 1.Atmos.X265.HEVC-PSA,Mickey 17 HDR10Plus DV DDP5 1 Atmos -PSA,923,2024,2947,movies
The.Rule.Of.Jenny.Pen.2024.1080p.WEBRip.x264.AAC5.1-LAMA,The Rule Of Jenny Pen AAC5 1-LAMA,304,145,449,movies
Death.Of.A.Unicorn.2025.1080p.Cam.X264.COLLECTiVE,Death Of A Unicorn COLLECTiVE,254,214,468,movies
Bill.Burr.Drop.Dead.Years.2025.1080p.WEBRip.x265-DH,Bill Burr Drop Dead Years -DH,177,8,185,movies
The World Will Tremble (2025) 1080p WEBRip 5 1-LAMA,The World Will Tremble 5 1-LAMA,253,54,307,movies
Distant.2024.1080p.WEBRip.x264.AAC5.1,Distant AAC5 1,195,21,216,movies
JAAT 2025 HDTS NO ADS (REPLACED WM) HDTS AAC 2.0 DIGITAL - PANTHER RIPS,JAAT HDTS NO ADS HDTS 2 0 DIGITAL - PANTHER RIPS,151,202,353,movies
The.Monkey.2025.1080p.AMZN.WEB-DL.DDP5.1.x265-NeoNoir,The Monkey AMZN DDP5 1 -NeoNoir,212,211,423,movies
Black.Bag.2025.2160p.WEB-DL.H265.HDR.DDP.5.1-HONE,Black Bag H265 HDR DDP 5 1-HONE,367,720,1087,movies
Black Bag (2025) (1080p MA WEB-DL x265 10bit EAC3 5.1 Ghost) [QxR],Black Bag,285,68,353,movies
"Test (2025) 720p WEBRip x265 AAC [ Hin, Tel ] ESub",Test ESub,103,15,118,movies
Renner 2025 1080p WEB-DL HEVC x265 5.1 BONE,Renner 5 1 BONE,183,13,196,movies
Presence.2024.1080p.WEBRip.x264.AAC5.1-LAMA,Presence AAC5 1-LAMA,214,75,289,movies
The.Monkey.2025.1080p.AMZN.WEB-DL.DDP5.1.H.264-HONE,The Monkey AMZN DDP5 1 H 264-HONE,443,596,1039,movies
Rich.Flu.2024.720p.AMZN.WEB-DL.DDP5.1.H.264-WELP,Rich Flu AMZN DDP5 1 H 264-WELP,113,7,120,movies
"Aghathiyaa (2025) 720p WEBRip x265 AAC [ Hin , Tel ] ESub",Aghathiyaa ESub,202,25,227,movies
Mickey.17.2025.1080p.DS4K.WEB-DL.DDP5.1.x265-NeoNoir,Mickey 17 DS4K DDP5 1 -NeoNoir,440,312,752,movies
Novocaine.2025.Hybrid.2160p.WEB-DL.DV.HDR.DDP5.1.Atmos.H265-AOC,Novocaine Hybrid DV HDR DDP5 1 Atmos H265-AOC,366,190,556,movies
Be Happy (2025) Hindi 720p WEBRip x264 AAC ESub,Be Happy Hindi ESub,74,8,82,movies
The Diplomat 2025 (4K 2160p x265 WEBRIP DD5.1) PANTHER RiPS,The Diplomat PANTHER RiPS,53,73,126,movies
Rekhachithram (2025) Hindi DS4K (1080p WEBRip AV1 10bit DD 5.1 ESub) - [Musafirb...,Rekhachithram Hindi DS4K - [Musafirb,49,13,62,movies
Mickey 17 (2025) (1080p AMZN WEB-DL x265 10bit EAC3 5.1 Silence) [QxR],Mickey 17,562,271,833,movies
Love.Hurts.2025.1080p.BluRay.x264.AAC5.1-LAMA,Love Hurts AAC5 1-LAMA,221,16,237,movies
Habal 2025 1080p Tagalog WEB-DL HEVC x265 BONE,Habal Tagalog BONE,113,7,120,movies
"Court State vs A Nobody (2025) 720p WEBRip x264 AAC [ Hin, Tel ] ESub",Court State vs A Nobody ESub,245,60,305,movies
Die.Alone.2024.1080p.BluRay.x264.AAC5.1,Die Alone AAC5 1,149,15,164,movies
Turn.Me.On.2024.1080p.WEB-DL.DDP5.1.x265-NeoNoir,Turn Me On DDP5 1 -NeoNoir,105,6,111,movies
Bangkera 2025 1080p Tagalog WEB-DL HEVC x265 BONE,Bangkera Tagalog BONE,247,34,281,movies
Chhaava (2025) Hindi 720p WEBRip x264 AAC ESub,Chhaava Hindi ESub,220,34,254,movies
Revelations 2025 1080p (DUAL) WEB-DL HEVC x265 5.1 BONE,Revelations 5 1 BONE,175,148,323,movies
